99 20 
45 28 
1 19 
88 92 
67 2 
87 11 
74 63 
20 35 
18 57 
57 11 
73 92 
45 28 
50 35 
66 4 
74 60 
22 16 
98 77 
85 29 
18 42 
71 19 
98 12 
17 40 
50 85 
28 54 
50 28 
56 53 
37 53 
42 26 
18 28 
35 63 
17 37 
35 61 
75 24 
32 95 
91 30 
12 61 
67 15 
33 26 
44 56 
64 84 
48 10 
19 76 
26 69 
86 1 
82 45 
7 75 
46 31 
62 88 
99 82 
24 55 
20 99 
52 75 
5 89 
62 31 
18 77 
46 23 
59 59 
52 42 
33 95 
69 84 
73 13 
92 59 
91 53 
23 15 
52 23 
23 91 
79 34 
67 50 
46 44 
78 10 
63 68 
40 98 
32 80 
18 36 
76 36 
16 5 
38 76 
49 64 
66 2 
31 75 
8 61 
60 19 
40 1 
91 30 
37 62 
90 70 
58 9 
4 88 
32 91 
74 61 
6 43 
20 82 
11 53 
83 23 
7 53 
44 100 
67 88 
36 46 
82 94 
95 90 
14 63 
22 77 
8 55 
88 90 
83 47 
64 30 
59 68 
86 27 
1 4 
38 27 
90 98 
71 48 
30 8 
22 17 
50 81 
9 41 
100 33 
25 21 
57 19 
55 58 
64 29 
85 62 
4 69 
100 73 
16 1 
11 34 
21 73 
95 38 
44 66 
71 23 
38 50 
43 87 
58 85 
16 58 
81 62 
36 86 
3 29 
32 8 
49 61 
49 74 
37 53 
45 8 
49 19 
18 100 
87 28 
34 22 
99 32 
54 12 
1 10 
73 90 
39 62 
37 97 
54 33 
28 16 
67 94 
72 32 
76 80 
16 36 
88 81 
35 34 
19 86 
46 92 
8 20 
0 61 
70 28 
63 54 
12 59 
82 100 
17 53 
19 66 
82 89 
95 32 
29 97 
18 20 
56 90 
16 44 
36 12 
69 74 
13 41 
92 44 
49 38 
14 38 
34 5 
57 59 
52 9 
23 31 
99 45 
95 14 
40 87 
56 19 
28 54 
5 13 
17 51 
74 15 
19 91 
13 33 
95 49 
67 53 
3 92 
40 11 
73 65 
70 64 
88 91 
36 78 
98 1 
73 51 
41 13 
13 73 
59 22 
48 88 
44 2 
69 56 
53 23 
41 13 
67 20 
56 50 
13 15 
14 66 
71 30 
91 37 
73 88 
68 14 
87 8 
67 78 
16 32 
16 65 
100 23 
82 21 
83 34 
74 56 
86 28 
19 37 
95 60 
82 30 
48 41 
63 29 
27 0 
56 12 
61 55 
84 100 
58 52 
2 2 
19 46 
96 88 
17 24 
80 81 
68 71 
38 95 
63 1 
21 28 
44 34 
62 54 
38 81 
43 70 
85 32 
73 8 
42 34 
71 2 
75 13 
85 92 
21 71 
90 8 
3 3 
81 56 
71 42 
85 25 
33 37 
30 63 
39 46 
38 48 
60 62 
33 60 
55 59 
99 92 
74 24 
74 61 
41 93 
90 98 
4 73 
90 27 
26 81 
74 33 
58 65 
30 84 
10 43 
31 15 
67 40 
27 9 
86 28 
73 0 
5 25 
33 17 
16 3 
16 53 
33 41 
17 83 
85 38 
34 45 
39 95 
86 9 
61 39 
68 71 
37 69 
48 25 
67 83 
65 38 
94 66 
27 73 
100 72 
97 17 
77 3 
16 87 
27 61 
50 88 
48 6 
97 36 
87 74 
35 99 
10 9 
26 48 
61 18 
61 64 
88 99 
7 7 
43 31 
48 81 
87 31 
17 41 
82 64 
62 38 
37 69 
40 31 
56 78 
16 69 
23 67 
65 87 
17 82 
12 71 
28 22 
90 30 
75 85 
48 99 
82 23 
57 51 
34 43 
92 65 
68 66 
40 31 
40 38 
80 50 
3 53 
88 40 
58 31 
57 33 
24 96 
64 93 
21 29 
99 46 
42 42 
18 47 
30 89 
19 1 
8 75 
71 16 
23 48 
18 54 
88 36 
24 1 
63 50 
85 72 
91 67 
27 31 
0 16 
71 6 
77 8 
19 60 
72 90 
63 1 
8 73 
6 65 
80 90 
81 61 
66 63 
52 10 
2 59 
71 45 
10 1 
79 83 
69 95 
62 83 
41 20 
95 36 
78 74 
40 39 
83 53 
2 28 
11 5 
57 13 
5 64 
80 18 
73 47 
89 58 
45 8 
99 53 
16 34 
24 42 
15 5 
43 47 
67 3 
6 83 
97 45 
74 12 
23 51 
77 76 
56 50 
22 6 
74 86 
9 40 
50 90 
67 6 
4 76 
95 46 
61 79 
83 67 
4 56 
77 91 
96 35 
13 54 
77 51 
68 16 
45 89 
0 52 
61 68 
57 25 
62 63 
58 80 
41 82 
21 60 
87 62 
78 82 
84 90 
88 2 
50 57 
87 28 
81 65 
13 28 
38 95 
10 64 
96 59 
84 25 
39 46 
49 19 
3 55 
35 27 
70 63 
71 63 
0 41 
4 61 
21 3 
26 56 
12 80 
79 95 
81 99 
96 94 
52 14 
10 46 
34 95 
8 31 
73 22 
80 72 
69 66 
65 24 
51 19 
4 33 
97 71 
25 86 
68 6 
85 5 
100 66 
62 75 
4 5 
71 71 
24 33 
95 49 
29 80 
54 23 
77 41 
97 53 
47 54 
33 34 
53 46 
20 22 
74 82 
81 73 
69 75 
49 0 
46 81 
23 46 
34 20 
15 5 
72 1 
10 90 
37 9 
9 89 
46 73 
65 26 
40 16 
89 84 
39 20 
38 100 
76 97 
30 77 
70 74 
55 39 
57 90 
26 5 
56 90 
88 71 
49 48 
34 2 
78 12 
96 84 
51 44 
64 60 
66 9 
44 82 
54 61 
99 22 
82 27 
62 11 
23 5 
71 67 
94 27 
76 57 
14 38 
52 21 
29 35 
24 97 
7 12 
1 98 
25 26 
10 53 
8 45 
78 14 
37 35 
69 59 
99 36 
99 64 
46 20 
52 79 
7 64 
33 28 
31 84 
88 80 
65 74 
89 56 
32 64 
17 34 
92 83 
86 14 
60 47 
12 69 
16 9 
96 56 
0 43 
44 98 
33 43 
99 92 
33 41 
92 51 
60 31 
20 22 
20 81 
61 44 
65 1 
43 27 
21 50 
10 79 
73 56 
48 89 
31 67 
83 25 
51 66 
12 67 
40 87 
98 97 
10 30 
8 29 
80 42 
72 75 
56 41 
62 27 
5 100 
40 91 
19 97 
37 49 
88 72 
77 54 
72 25 
33 48 
74 7 
8 6 
25 80 
56 92 
57 2 
27 16 
1 79 
45 4 
56 89 
0 26 
55 68 
31 10 
18 20 
51 23 
14 92 
66 75 
42 3 
80 62 
82 31 
12 68 
4 77 
42 59 
16 4 
55 17 
75 79 
76 72 
4 97 
4 31 
32 100 
42 51 
62 7 
63 14 
86 40 
39 68 
6 100 
20 45 
30 36 
56 61 
69 55 
78 84 
67 100 
93 64 
26 13 
81 26 
38 78 
81 49 
38 63 
68 91 
28 80 
51 35 
95 87 
69 79 
59 90 
68 30 
4 29 
59 34 
94 31 
29 30 
63 49 
59 23 
17 92 
0 77 
14 4 
27 84 
70 52 
39 53 
90 99 
38 14 
71 58 
42 22 
38 57 
48 69 
89 67 
6 20 
48 97 
42 22 
97 15 
57 15 
14 15 
68 59 
66 56 
36 59 
44 0 
56 92 
40 56 
28 58 
76 28 
16 90 
76 65 
86 46 
81 39 
96 79 
75 92 
21 52 
72 38 
32 82 
75 82 
61 11 
20 4 
53 54 
19 67 
31 21 
61 5 
51 26 
92 25 
40 43 
57 16 
62 7 
82 44 
2 54 
42 28 
41 30 
14 35 
54 35 
1 69 
41 85 
11 43 
95 74 
17 15 
19 21 
89 82 
12 51 
51 18 
30 4 
90 65 
8 80 
2 22 
63 54 
2 56 
58 16 
97 24 
89 24 
18 72 
17 14 
94 70 
49 17 
22 14 
14 18 
15 35 
84 12 
44 85 
32 22 
40 26 
25 61 
86 56 
56 4 
4 79 
58 43 
58 24 
71 90 
86 58 
99 42 
92 19 
40 26 
43 16 
18 43 
79 100 
89 25 
51 36 
81 72 
44 68 
41 17 
8 100 
58 81 
7 40 
4 81 
2 29 
36 23 
37 83 
39 52 
62 92 
99 34 
71 91 
96 53 
66 54 
95 77 
84 9 
76 29 
70 58 
75 62 
44 24 
27 49 
12 46 
17 1 
20 95 
32 90 
21 73 
4 69 
54 16 
8 77 
69 82 
70 25 
57 33 
6 87 
41 82 
70 54 
61 23 
73 63 
42 7 
32 89 
28 1 
78 13 
55 6 
7 14 
68 51 
51 1 
52 69 
99 92 
75 48 
22 92 
46 93 
83 97 
54 18 
100 65 
9 15 
90 55 
64 88 
78 91 
43 29 
13 25 
65 2 
6 13 
59 37 
36 97 
20 0 
64 75 
56 55 
41 42 
89 90 
82 96 
23 85 
76 97 
19 18 
29 67 
35 6 
88 52 
10 7 
36 2 
99 29 
12 86 
64 62 
71 54 
51 66 
79 56 
64 14 
15 25 
64 11 
24 53 
15 27 
85 92 
71 37 
89 31 
19 81 
74 81 
74 3 
20 20 
49 85 
67 98 
21 83 
79 19 
7 48 
69 79 
46 17 
72 49 
3 16 
68 39 
62 67 
8 31 
18 50 
65 10 
24 34 
30 75 
76 90 
31 54 
79 52 
12 69 
46 2 
22 99 
76 58 
49 52 
65 38 
84 30 
20 13 
43 29 
82 81 
94 88 
14 74 
73 80 
34 35 
69 6 
57 95 
99 26 
70 97 
81 34 
87 51 
74 14 
37 44 
94 80 
74 73 
93 5 
9 19 
31 59 
43 44 
70 95 
99 92 
23 42 
87 3 
49 56 
21 92 
78 15 
33 1 
71 45 
4 36 
41 81 
97 10 
78 81 
48 81 
56 92 
91 47 
90 21 
77 68 
25 29 
32 52 
66 51 
6 56 
12 63 
34 88 
99 66 
66 73 
82 74 
31 41 
39 63 
2 4 
48 60 
75 13 
37 91 
59 38 
56 70 
27 83 
67 3 
30 70 
43 45 
48 21 
62 0 
36 60 
100 80 
71 70 
4 86 
37 11 
56 60 
92 4 
21 1 
69 75 
99 60 
9 29 
38 78 
70 38 
66 99 
9 74 
73 13 
61 63 
31 26 
74 58 
96 99 
73 3 
54 92 
75 89 
95 12 
59 1 
17 87 
72 85 
79 64 
36 91 
33 19 
51 63 
30 56 
27 24 
55 2 
93 74 
23 64 
47 52 
29 35 
83 46 
50 38 
69 27 
33 72 
13 46 
82 52 
22 96 
22 85 
12 9 
27 63 
12 72 
60 8 
61 42 
5 57 
84 50 
6 7 
65 95 
94 63 
67 51 
49 30 
1 41 
30 92 
25 43 
39 63 
99 94 
3 24 
50 10 
7 30 
91 65 
3 11 
38 75 
12 86 
8 8 
97 86 
11 75 
93 13 
51 73 
55 57 
85 39 
99 57 
66 43 
46 49 
33 17 
24 83 
75 76 
60 32 
66 41 
55 100 
12 66 
5 21 
30 48 
95 64 
46 90 
33 82 
59 36 
88 6 
79 29 
32 55 
13 92 
9 81 
56 96 
77 37 
66 16 
55 55 
23 91 
88 50 
54 76 
64 59 
61 31 
80 68 
63 90 
18 57 
11 29 
90 19 
58 71 
87 77 
89 36 
3 57 
69 9 
59 23 
82 69 
27 2 
29 73 
95 70 
41 50 
66 33 
24 1 
14 19 
3 23 
46 3 
92 4 
49 4 
18 82 
81 38 
93 51 
25 23 
83 30 
86 44 
89 37 
79 59 
36 49 
57 96 
77 90 
41 8 
73 4 
10 56 
70 79 
59 41 
29 50 
83 39 
81 53 
54 54 
28 52 
30 43 
98 31 
37 66 
61 74 
52 55 
97 50 
3 33 
91 91 
50 64 
93 52 
91 61 
27 75 
90 34 
70 55 
85 20 
86 28 
19 26 
17 73 
69 27 
71 33 
9 58 
33 61 
48 24 
50 81 
13 61 
2 14 
2 15 
56 36 
41 66 
8 62 
11 5 
30 84 
12 46 
73 4 
76 80 
43 79 
69 76 
49 24 
90 16 
66 99 
18 49 
89 28 
66 48 
52 17 
42 23 
62 17 
58 84 
32 62 
5 11 
31 20 
54 73 
59 12 
39 52 
97 57 
55 24 
6 94 
52 2 
69 36 
74 94 
20 93 
14 34 
39 33 
11 10 
86 52 
0 46 
89 10 
43 72 
58 5 
41 73 
57 23 
100 12 
4 50 
58 52 
4 49 
38 23 
0 49 
13 70 
8 2 
49 45 
90 91 
74 46 
88 5 
78 10 
83 7 
68 53 
41 44 
44 67 
88 55 
73 98 
17 16 
93 1 
70 67 
58 74 
66 43 
26 25 
85 27 
79 3 
27 17 
92 82 
1 84 
47 76 
48 35 
25 21 
18 11 
96 41 
85 53 
97 84 
87 99 
85 58 
41 98 
27 82 
89 49 
43 100 
22 23 
2 47 
4 46 
97 71 
64 78 
61 16 
27 56 
87 13 
2 1 
11 60 
0 15 
6 50 
33 46 
48 82 
13 99 
32 55 
91 85 
97 71 
32 53 
98 94 
45 24 
38 44 
38 85 
84 54 
67 42 
93 1 
73 17 
100 77 
1 25 
97 84 
96 82 
83 19 
50 88 
73 99 
49 79 
5 69 
95 20 
100 29 
56 53 
99 9 
30 78 
52 83 
15 41 
60 37 
48 19 
79 81 
63 91 
56 57 
91 98 
69 67 
0 88 
39 68 
30 24 
29 93 
77 50 
50 3 
51 67 
70 15 
18 35 
71 99 
50 27 
40 73 
55 24 
13 89 
49 48 
65 60 
23 47 
94 100 
73 73 
64 28 
9 81 
46 10 
57 78 
10 32 
9 42 
53 44 
85 29 
11 68 
74 38 
10 48 
31 13 
82 43 
79 28 
27 63 
69 44 
25 54 
9 98 
1 26 
76 88 
38 86 
85 4 
43 57 
86 72 
4 94 
33 79 
62 85 
33 77 
8 15 
9 59 
29 38 
42 11 
91 24 
74 53 
5 19 
85 43 
9 37 
88 25 
100 46 
5 83 
17 42 
82 8 
4 29 
80 60 
47 26 
49 4 
52 8 
45 15 
18 41 
4 6 
10 47 
29 84 
83 8 
43 54 
41 36 
84 87 
59 69 
63 36 
91 46 
39 9 
25 2 
12 99 
69 83 
43 36 
39 85 
71 60 
59 62 
15 20 
0 1 
43 87 
20 7 
42 4 
34 95 
42 4 
10 38 
39 40 
97 78 
39 56 
26 70 
35 48 
36 42 
93 22 
85 3 
5 29 
14 56 
87 79 
96 12 
39 51 
20 88 
66 85 
41 8 
22 17 
13 7 
60 16 
36 63 
48 53 
78 66 
0 58 
25 97 
52 83 
62 99 
38 32 
72 3 
1 12 
19 67 
74 38 
67 31 
34 49 
25 38 
87 57 
83 89 
11 31 
13 69 
87 25 
52 66 
92 62 
77 10 
0 9 
45 72 
60 97 
2 28 
30 16 
62 96 
20 94 
81 9 
12 55 
31 21 
68 76 
35 44 
85 39 
99 48 
7 76 
78 47 
54 60 
46 41 
14 6 
67 5 
34 0 
47 3 
56 34 
67 11 
8 48 
47 29 
51 74 
20 21 
63 5 
19 11 
83 83 
64 45 
19 52 
65 32 
55 0 
65 79 
66 90 
94 57 
46 67 
26 52 
40 19 
32 90 
20 24 
24 65 
11 1 
86 20 
73 84 
37 60 
52 88 
41 9 
87 75 
90 66 
43 58 
60 100 
27 79 
30 37 
54 1 
95 65 
82 7 
62 100 
30 98 
3 12 
80 88 
78 56 
29 25 
36 94 
30 94 
33 62 
18 70 
99 17 
36 72 
15 16 
17 40 
30 63 
12 41 
73 62 
14 51 
82 37 
18 56 
82 1 
25 43 
37 47 
6 16 
26 26 
13 2 
65 12 
53 86 
91 77 
83 15 
39 17 
80 100 
53 48 
23 37 
22 59 
6 92 
70 2 
80 93 
46 75 
96 99 
56 23 
53 27 
4 12 
90 82 
90 86 
2 81 
58 18 
64 48 
49 79 
81 31 
61 1 
78 18 
89 99 
80 45 
91 98 
81 5 
91 40 
20 59 
57 1 
58 94 
1 14 
1 64 
70 28 
18 23 
41 79 
51 58 
37 68 
66 32 
84 23 
40 72 
20 62 
58 58 
13 85 
1 28 
18 23 
57 90 
13 56 
69 68 
62 8 
83 43 
13 51 
33 44 
51 51 
20 64 
99 57 
53 34 
91 71 
84 55 
76 56 
8 15 
22 46 
74 6 
52 10 
13 85 
55 49 
15 47 
97 35 
5 6 
68 72 
94 70 
73 48 
62 12 
47 29 
13 81 
55 91 
88 44 
36 41 
38 65 
86 99 
43 67 
20 52 
88 3 
2 20 
71 35 
25 76 
95 74 
88 49 
63 30 
83 84 
78 84 
41 16 
67 42 
44 4 
40 7 
38 48 
13 54 
29 79 
14 59 
11 30 
82 7 
85 100 
92 40 
80 3 
15 2 
94 20 
37 10 
5 52 
54 40 
7 92 
70 2 
15 64 
74 5 
34 2 
86 72 
19 23 
15 7 
67 58 
55 99 
10 93 
91 60 
57 1 
95 3 
79 9 
38 28 
51 70 
90 100 
92 45 
29 67 
47 70 
78 54 
57 96 
71 62 
40 85 
84 61 
13 18 
6 36 
6 54 
27 12 
70 24 
56 30 
74 66 
64 73 
57 24 
45 47 
70 80 
97 26 
58 47 
54 4 
50 56 
7 64 
88 2 
52 55 
13 55 
85 45 
3 93 
57 42 
38 89 
60 65 
67 29 
99 42 
55 6 
92 35 
81 56 
82 38 
62 88 
29 70 
4 31 
51 44 
8 16 
89 31 
73 76 
38 95 
40 47 
58 12 
62 75 
61 64 
42 36 
72 8 
8 81 
21 31 
15 96 
8 19 
60 98 
76 88 
44 97 
48 96 
52 42 
21 75 
79 9 
42 65 
94 16 
38 74 
65 12 
17 99 
53 42 
50 80 
57 10 
7 81 
19 59 
10 76 
32 83 
31 31 
18 51 
65 32 
91 69 
8 50 
86 43 
61 33 
60 3 
42 39 
22 70 
49 86 
23 21 
47 90 
16 93 
32 89 
91 14 
21 56 
84 26 
8 50 
69 78 
60 80 
27 92 
40 95 
11 71 
99 89 
66 67 
27 25 
98 56 
20 77 
100 41 
100 6 
58 94 
61 57 
32 14 
26 24 
88 57 
52 78 
94 80 
37 70 
37 67 
61 74 
45 48 
71 61 
70 73 
51 25 
42 51 
5 29 
90 3 
49 12 
47 23 
74 1 
81 30 
60 59 
100 16 
79 30 
4 92 
42 2 
91 75 
4 19 
48 72 
92 73 
43 50 
68 43 
76 72 
31 15 
62 69 
88 84 
59 59 
1 10 
71 45 
30 94 
40 13 
45 78 
14 2 
30 12 
60 96 
54 52 
14 100 
55 41 
54 52 
82 52 
57 88 
96 10 
9 39 
10 97 
62 15 
92 24 
93 15 
44 42 
75 78 
34 30 
23 15 
37 6 
94 68 
44 16 
8 56 
62 8 
91 80 
94 34 
24 45 
35 98 
38 1 
44 34 
71 40 
3 49 
34 69 
94 32 
47 71 
69 76 
87 45 
19 8 
60 10 
6 75 
94 9 
71 54 
28 70 
14 41 
48 65 
49 4 
75 52 
57 3 
45 6 
8 58 
87 92 
80 95 
14 69 
76 63 
89 68 
49 44 
65 92 
98 31 
67 62 
70 55 
38 65 
5 97 
51 22 
54 8 
41 1 
60 76 
47 46 
43 8 
22 13 
59 38 
9 68 
29 56 
73 31 
80 58 
33 39 
98 74 
10 47 
91 44 
96 88 
34 31 
81 87 
22 85 
11 2 
65 16 
38 46 
36 27 
97 48 
55 22 
67 27 
1 56 
36 35 
38 30 
93 86 
19 24 
95 0 
50 11 
95 68 
51 91 
90 0 
47 70 
33 12 
13 83 
93 76 
82 64 
42 57 
75 68 
53 40 
5 54 
81 11 
88 52 
69 85 
26 80 
66 6 
23 99 
2 96 
86 46 
73 62 
31 3 
66 60 
78 97 
88 32 
58 8 
74 57 
100 85 
86 36 
26 10 
12 64 
20 23 
76 24 
10 77 
46 96 
14 16 
81 69 
99 92 
9 65 
71 60 
5 72 
34 97 
26 16 
6 10 
57 8 
34 33 
84 31 
75 79 
92 21 
65 81 
91 85 
45 64 
62 10 
74 66 
76 14 
92 65 
67 72 
68 82 
85 51 
89 78 
40 68 
17 98 
3 52 
19 41 
88 91 
16 25 
57 100 
14 10 
21 89 
40 19 
95 45 
26 57 
12 22 
58 32 
26 63 
4 57 
25 89 
46 41 
96 91 
0 97 
28 75 
80 75 
69 5 
65 87 
59 9 
15 20 
15 63 
81 95 
51 47 
42 18 
66 67 
19 12 
99 96 
32 48 
5 40 
65 44 
69 82 
0 50 
41 70 
39 20 
74 0 
55 71 
5 90 
13 31 
63 64 
79 58 
5 37 
67 65 
41 91 
18 48 
96 50 
31 21 
24 80 
22 6 
80 29 
49 7 
50 96 
39 42 
52 2 
77 29 
9 24 
23 56 
10 17 
27 39 
80 26 
76 33 
62 83 
64 75 
78 62 
53 28 
37 77 
57 53 
94 8 
83 43 
19 7 
4 35 
65 30 
97 50 
80 20 
97 6 
79 77 
66 97 
51 15 
87 48 
95 24 
39 77 
16 91 
78 73 
57 44 
38 82 
32 9 
64 76 
60 5 
67 52 
60 4 
71 28 
15 77 
76 76 
97 98 
36 52 
96 88 
4 86 
7 35 
1 34 
42 43 
83 42 
49 86 
7 3 
63 21 
87 33 
0 69 
5 95 
49 85 
83 58 
39 31 
52 80 
87 77 
27 9 
7 60 
7 33 
54 36 
41 26 
22 69 
75 36 
13 43 
73 27 
31 100 
28 74 
38 96 
92 45 
8 94 
33 33 
83 38 
34 45 
46 70 
1 57 
76 7 
94 8 
17 20 
8 32 
63 26 
50 99 
85 21 
10 2 
26 65 
42 29 
28 61 
92 12 
71 68 
19 7 
60 29 
20 4 
6 2 
40 12 
68 1 
36 18 
76 51 
8 41 
98 49 
70 45 
79 13 
53 63 
79 93 
86 82 
63 55 
41 74 
73 28 
32 2 
70 30 
77 62 
80 100 
73 0 
68 1 
19 70 
85 35 
65 0 
20 12 
81 29 
9 92 
46 34 
39 67 
83 81 
2 57 
61 12 
2 23 
63 28 
93 4 
36 66 
86 40 
4 72 
21 79 
31 37 
56 23 
62 0 
52 89 
47 41 
8 18 
34 8 
70 33 
78 21 
67 18 
69 42 
27 75 
16 73 
70 79 
94 81 
16 47 
30 48 
6 32 
14 9 
93 73 
79 55 
76 62 
51 44 
87 91 
67 85 
50 74 
59 24 
30 41 
3 45 
76 9 
27 77 
85 80 
14 64 
14 42 
47 21 
49 59 
34 100 
88 85 
70 62 
56 2 
72 39 
98 99 
76 11 
16 34 
3 14 
84 15 
51 56 
31 16 
18 84 
95 21 
94 32 
13 5 
76 64 
59 21 
21 8 
84 88 
38 46 
37 92 
0 75 
3 10 
69 99 
87 27 
21 92 
8 22 
67 75 
74 32 
24 54 
86 56 
56 89 
16 30 
14 67 
25 61 
27 49 
5 77 
92 55 
69 28 
64 79 
46 44 
46 29 
3 22 
87 55 
61 27 
34 48 
40 53 
99 70 
15 19 
39 33 
13 97 
57 13 
71 38 
92 29 
58 74 
73 92 
8 81 
97 62 
63 53 
33 42 
21 53 
66 19 
71 55 
30 41 
77 44 
22 95 
41 97 
92 89 
67 38 
78 47 
42 90 
63 55 
29 77 
56 26 
26 23 
5 45 
58 90 
31 77 
4 90 
91 4 
94 38 
59 85 
36 76 
68 80 
97 64 
5 76 
17 75 
78 68 
80 6 
99 22 
67 54 
5 1 
32 11 
77 89 
62 98 
67 100 
27 16 
4 66 
42 5 
79 96 
78 75 
71 15 
26 70 
73 41 
12 92 
23 93 
18 12 
64 70 
74 70 
43 13 
64 91 
58 79 
65 53 
14 21 
70 73 
65 4 
9 85 
92 52 
15 45 
94 36 
48 35 
36 30 
5 4 
99 81 
38 23 
95 69 
82 70 
83 86 
49 91 
61 50 
46 77 
79 8 
60 71 
77 35 
21 100 
58 14 
67 43 
96 84 
87 93 
100 99 
50 52 
77 32 
20 31 
100 79 
64 32 
15 54 
32 45 
92 25 
66 42 
19 45 
75 58 
84 41 
84 90 
54 8 
26 41 
47 16 
59 40 
70 59 
32 14 
87 98 
2 2 
11 83 
94 48 
61 64 
23 89 
90 91 
6 45 
92 85 
29 65 
1 3 
93 100 
47 93 
29 53 
36 74 
73 31 
21 60 
74 63 
95 42 
29 85 
74 58 
6 50 
40 4 
41 0 
31 47 
2 71 
62 72 
28 57 
52 81 
94 90 
28 51 
92 63 
97 12 
68 37 
58 31 
1 67 
17 100 
75 44 
14 45 
94 80 
96 72 
15 69 
88 19 
86 35 
87 89 
10 100 
26 11 
69 34 
7 67 
87 14 
63 52 
47 63 
25 85 
29 49 
81 5 
82 3 
24 54 
61 45 
62 42 
61 21 
62 21 
7 66 
89 32 
4 54 
21 73 
4 31 
65 19 
9 13 
60 9 
69 54 
45 95 
17 56 
86 30 
60 33 
97 65 
98 93 
8 93 
25 9 
8 41 
19 90 
37 51 
17 18 
98 42 
79 14 
70 20 
46 11 
91 55 
43 43 
48 15 
32 58 
6 33 
19 23 
22 99 
86 42 
19 65 
94 21 
80 0 
94 41 
32 72 
35 91 
80 76 
39 92 
41 45 
21 17 
26 50 
80 25 
63 65 
9 31 
50 29 
25 67 
77 37 
58 42 
80 46 
70 100 
65 23 
53 9 
67 59 
41 76 
42 27 
92 2 
20 87 
74 31 
84 68 
99 47 
81 18 
5 67 
84 35 
17 4 
80 94 
95 30 
26 68 
63 23 
2 92 
70 63 
88 95 
97 3 
3 72 
11 9 
27 10 
52 29 
89 60 
44 76 
1 40 
97 99 
13 17 
58 32 
41 11 
77 84 
83 4 
68 59 
40 15 
73 16 
38 20 
1 53 
74 48 
95 39 
95 94 
53 14 
7 93 
98 92 
40 73 
90 13 
1 19 
66 14 
63 82 
94 94 
99 4 
44 59 
70 28 
24 10 
82 11 
75 47 
19 9 
34 32 
79 23 
26 1 
22 97 
74 86 
94 60 
79 52 
89 6 
71 0 
100 64 
98 12 
20 16 
85 46 
50 65 
13 12 
43 19 
94 79 
97 22 
35 80 
68 94 
94 55 
25 61 
84 46 
75 97 
52 48 
58 59 
54 79 
10 74 
57 5 
69 29 
97 21 
18 51 
27 41 
67 26 
57 60 
13 94 
1 4 
43 40 
67 62 
96 68 
58 29 
70 10 
25 67 
64 85 
28 12 
37 19 
84 14 
98 66 
25 87 
32 31 
98 32 
83 21 
75 11 
41 62 
78 20 
85 75 
79 40 
25 77 
70 7 
77 86 
67 95 
64 63 
11 65 
23 98 
77 87 
16 80 
81 59 
28 98 
19 44 
12 6 
56 14 
76 26 
73 71 
36 86 
9 78 
89 67 
56 17 
23 92 
23 72 
80 70 
12 34 
21 61 
97 58 
93 54 
50 62 
69 0 
89 62 
5 96 
14 89 
96 99 
40 83 
55 74 
3 67 
81 70 
50 47 
82 22 
15 28 
87 23 
9 19 
88 17 
10 48 
34 18 
9 14 
96 98 
12 55 
90 96 
52 53 
34 87 
74 49 
73 81 
16 75 
60 16 
98 49 
90 19 
44 32 
72 12 
56 48 
10 91 
89 75 
86 56 
35 66 
73 44 
50 6 
54 58 
70 35 
83 7 
49 95 
61 96 
39 65 
86 32 
75 71 
19 28 
67 29 
6 98 
0 77 
57 77 
19 65 
3 15 
20 90 
76 75 
7 88 
76 24 
69 5 
18 85 
46 25 
56 78 
53 53 
17 96 
96 6 
87 66 
63 83 
36 91 
83 77 
53 40 
49 17 
46 49 
14 75 
39 65 
84 32 
51 77 
36 86 
72 1 
47 79 
100 54 
60 32 
19 93 
34 80 
97 66 
59 16 
84 96 
61 7 
55 7 
2 76 
98 22 
65 100 
23 46 
56 35 
32 56 
47 95 
59 25 
50 37 
41 96 
29 45 
94 83 
47 49 
39 5 
81 2 
52 68 
96 87 
12 23 
4 16 
90 48 
61 44 
83 94 
2 28 
1 68 
81 56 
83 24 
41 94 
74 2 
62 61 
100 10 
39 4 
45 17 
43 82 
26 11 
11 37 
43 6 
35 30 
38 83 
12 54 
93 55 
79 60 
97 15 
25 43 
83 24 
56 45 
70 38 
34 72 
45 24 
6 73 
60 17 
29 86 
68 70 
88 46 
48 15 
66 27 
100 38 
100 0 
29 97 
71 67 
54 16 
95 59 
2 22 
47 89 
89 25 
76 49 
72 91 
48 11 
60 69 
83 82 
100 66 
43 63 
49 51 
64 33 
95 23 
71 67 
96 56 
99 80 
62 43 
68 99 
91 95 
6 19 
58 14 
7 54 
8 69 
25 74 
61 87 
72 75 
24 97 
65 35 
13 88 
9 58 
99 74 
86 6 
63 50 
5 13 
48 75 
83 1 
36 41 
37 91 
41 94 
20 84 
21 90 
27 62 
25 56 
20 78 
15 69 
4 55 
44 12 
73 73 
42 17 
2 48 
61 33 
88 74 
18 61 
14 45 
60 4 
52 90 
81 90 
31 23 
95 51 
48 79 
25 32 
50 58 
85 49 
2 19 
30 44 
62 42 
31 76 
55 83 
28 19 
7 23 
55 85 
33 22 
88 61 
42 84 
50 1 
16 50 
46 65 
45 9 
19 33 
43 51 
83 67 
7 38 
20 17 
65 34 
6 25 
88 75 
47 2 
75 75 
1 11 
78 14 
97 35 
97 69 
18 67 
20 81 
15 80 
76 80 
90 35 
25 16 
46 70 
32 14 
93 62 
20 34 
83 48 
86 77 
46 66 
91 24 
21 32 
25 16 
63 88 
30 99 
91 54 
63 7 
66 89 
5 92 
42 57 
31 91 
77 42 
58 79 
14 81 
71 49 
96 93 
80 12 
48 14 
24 23 
82 35 
30 18 
72 80 
69 17 
77 29 
57 57 
45 82 
61 88 
84 11 
3 14 
94 97 
77 91 
36 9 
95 59 
70 24 
27 88 
11 8 
23 39 
93 15 
52 84 
8 46 
51 24 
92 72 
90 99 
63 34 
62 59 
32 63 
49 95 
1 50 
72 47 
80 20 
80 68 
70 63 
62 86 
55 32 
71 15 
76 45 
8 61 
91 39 
10 22 
44 5 
76 90 
11 25 
72 45 
6 79 
55 86 
90 65 
69 44 
56 4 
76 99 
8 52 
66 28 
37 22 
81 3 
54 17 
88 36 
7 94 
88 52 
59 55 
85 17 
47 36 
21 40 
11 19 
34 91 
16 95 
55 74 
2 8 
90 2 
80 90 
26 92 
37 65 
41 65 
99 1 
22 7 
4 4 
11 23 
41 37 
95 34 
13 29 
44 73 
53 45 
36 80 
59 3 
22 69 
68 94 
51 3 
24 24 
86 70 
1 89 
17 74 
50 95 
89 11 
13 12 
5 64 
83 31 
35 3 
31 11 
50 97 
58 33 
12 4 
17 37 
92 48 
45 3 
80 37 
78 20 
47 38 
54 27 
19 65 
0 99 
72 47 
93 75 
56 63 
25 8 
58 20 
26 18 
78 68 
96 86 
38 75 
45 49 
77 23 
87 64 
79 47 
22 87 
78 27 
74 32 
49 96 
46 78 
97 37 
47 57 
41 47 
3 36 
49 52 
80 94 
36 92 
13 19 
29 84 
5 78 
36 72 
73 22 
79 54 
55 41 
52 56 
45 8 
43 3 
58 65 
58 11 
46 11 
95 98 
69 76 
57 63 
69 10 
74 5 
97 33 
25 43 
87 11 
20 60 
77 69 
86 21 
55 47 
67 74 
75 57 
13 37 
97 40 
86 25 
53 34 
28 22 
17 100 
59 27 
56 96 
96 91 
41 69 
55 85 
66 93 
93 56 
81 42 
7 85 
75 48 
19 32 
29 43 
28 62 
37 47 
28 63 
81 77 
59 51 
74 42 
15 86 
90 75 
91 14 
84 5 
72 94 
60 37 
17 32 
48 56 
18 61 
62 63 
31 56 
74 9 
24 2 
39 10 
74 57 
8 88 
20 86 
28 95 
4 73 
61 3 
16 24 
16 41 
30 50 
32 14 
60 44 
25 84 
97 47 
50 62 
21 62 
32 9 
59 16 
9 59 
3 34 
12 59 
100 75 
32 29 
53 54 
2 91 
96 94 
77 35 
84 31 
56 99 
29 69 
81 50 
81 31 
56 51 
54 38 
51 77 
5 27 
56 36 
34 26 
0 15 
69 57 
61 3 
28 22 
37 56 
20 72 
2 38 
56 46 
58 62 
1 13 
9 78 
54 34 
44 18 
60 80 
45 22 
65 58 
5 24 
86 67 
3 63 
15 32 
37 95 
60 41 
61 4 
32 95 
12 5 
42 70 
7 30 
93 28 
94 21 
47 18 
54 22 
88 60 
11 36 
28 86 
89 50 
25 12 
48 85 
74 16 
97 78 
82 54 
9 64 
39 47 
21 0 
16 61 
13 0 
38 83 
13 93 
97 47 
30 63 
14 18 
91 99 
82 74 
97 47 
77 46 
21 20 
85 13 
96 51 
90 75 
69 35 
28 95 
25 43 
51 72 
86 45 
84 24 
99 94 
52 52 
97 80 
37 88 
73 79 
47 4 
76 6 
60 9 
98 54 
11 15 
97 90 
25 85 
16 39 
54 67 
19 86 
26 47 
91 43 
97 74 
84 93 
9 50 
32 6 
39 53 
74 4 
38 57 
80 94 
98 97 
38 44 
6 80 
68 12 
46 93 
80 76 
67 49 
46 51 
51 86 
58 14 
89 4 
24 7 
14 38 
31 51 
22 52 
85 51 
75 5 
43 63 
96 6 
85 2 
2 45 
31 71 
64 55 
68 83 
21 62 
68 92 
90 73 
10 27 
78 62 
78 51 
37 50 
94 7 
4 44 
76 89 
99 96 
53 52 
5 92 
58 51 
0 27 
58 95 
37 86 
82 52 
39 83 
56 5 
73 99 
76 3 
66 88 
9 94 
52 27 
91 33 
77 15 
63 95 
57 56 
97 65 
29 75 
35 89 
44 3 
64 48 
49 86 
7 82 
87 22 
43 20 
32 23 
29 42 
86 26 
24 90 
64 55 
3 64 
46 31 
34 42 
72 88 
17 73 
79 27 
42 13 
27 81 
80 87 
69 90 
57 48 
70 89 
30 90 
11 97 
4 76 
72 10 
84 12 
13 57 
83 95 
31 90 
28 68 
69 28 
56 50 
80 58 
34 23 
5 46 
41 4 
69 13 
14 29 
79 97 
15 35 
28 12 
8 83 
43 68 
0 100 
12 11 
73 29 
32 5 
35 98 
11 76 
61 85 
14 34 
89 32 
73 60 
31 35 
31 37 
13 90 
73 26 
47 17 
0 86 
49 63 
45 17 
78 72 
94 58 
51 64 
53 65 
24 10 
30 27 
96 8 
11 39 
99 63 
14 62 
88 45 
39 68 
77 9 
22 3 
59 81 
98 40 
8 13 
65 54 
93 26 
16 68 
43 56 
68 37 
17 83 
53 29 
28 49 
11 67 
69 62 
51 30 
28 65 
13 42 
64 65 
38 86 
64 19 
8 20 
92 9 
16 74 
88 67 
89 22 
9 26 
34 39 
9 30 
62 20 
62 52 
23 43 
53 80 
92 66 
0 49 
60 69 
85 11 
32 12 
66 54 
2 23 
92 49 
57 23 
100 92 
7 59 
60 60 
43 49 
0 93 
87 43 
85 56 
69 65 
75 92 
27 55 
16 61 
82 83 
96 65 
40 31 
57 96 
88 81 
62 15 
3 28 
41 81 
22 93 
78 33 
40 86 
4 96 
91 89 
83 4 
86 12 
72 85 
59 12 
74 89 
63 9 
20 62 
70 6 
84 100 
12 77 
30 41 
27 60 
30 57 
96 77 
49 4 
63 11 
48 39 
24 21 
72 16 
47 85 
94 49 
16 47 
43 63 
100 14 
11 72 
5 3 
64 90 
64 19 
10 76 
59 59 
61 92 
82 54 
41 99 
40 21 
31 20 
45 51 
23 86 
88 37 
37 88 
32 0 
37 98 
66 77 
92 22 
41 7 
30 67 
25 9 
7 56 
24 18 
45 54 
61 33 
46 24 
74 80 
61 29 
16 10 
80 14 
89 17 
25 54 
5 36 
41 7 
74 20 
1 90 
27 9 
47 12 
37 53 
91 1 
65 25 
47 12 
14 4 
34 23 
27 19 
42 96 
63 20 
97 12 
45 55 
34 35 
98 22 
8 40 
80 7 
7 22 
48 45 
21 18 
32 88 
90 15 
38 65 
71 92 
88 32 
20 87 
26 46 
19 100 
78 55 
86 8 
21 94 
24 73 
85 59 
51 51 
31 12 
53 6 
81 16 
22 57 
67 69 
14 86 
72 76 
1 5 
100 34 
31 93 
34 49 
66 49 
32 14 
95 33 
52 50 
34 51 
7 71 
91 94 
28 88 
18 30 
9 95 
99 92 
0 2 
54 70 
63 94 
73 24 
0 87 
49 55 
7 47 
21 93 
78 52 
37 50 
92 79 
55 86 
74 69 
87 6 
24 19 
82 52 
73 65 
71 89 
18 2 
87 66 
22 54 
34 41 
87 57 
54 35 
55 93 
21 9 
42 10 
67 60 
45 19 
14 86 
19 8 
28 17 
3 31 
35 87 
28 85 
31 10 
93 72 
1 66 
44 78 
11 36 
76 11 
39 47 
68 65 
19 31 
22 32 
42 45 
91 67 
46 78 
76 51 
15 35 
45 49 
21 80 
7 8 
79 51 
54 15 
59 86 
27 67 
24 88 
81 44 
96 80 
71 98 
62 34 
38 72 
70 20 
55 64 
98 96 
27 0 
75 29 
75 70 
5 48 
31 62 
33 67 
40 83 
35 99 
13 76 
61 14 
11 80 
74 36 
99 73 
81 69 
18 47 
79 45 
11 20 
82 17 
98 52 
15 85 
91 7 
74 76 
83 30 
65 54 
18 88 
58 21 
2 50 
99 94 
99 15 
18 3 
15 68 
7 7 
91 54 
19 5 
34 89 
20 76 
82 86 
20 30 
95 75 
0 85 
22 79 
14 72 
62 61 
85 8 
82 34 
82 83 
4 75 
83 66 
99 10 
81 71 
59 91 
26 40 
16 100 
28 45 
71 15 
53 55 
72 20 
1 2 
73 96 
85 17 
69 59 
83 6 
42 20 
41 38 
69 95 
74 69 
24 76 
7 99 
97 67 
56 47 
89 45 
58 4 
91 23 
94 76 
60 92 
60 13 
31 39 
80 96 
27 35 
85 99 
70 53 
66 24 
55 97 
28 78 
2 20 
75 86 
38 35 
56 3 
50 44 
36 47 
91 16 
70 8 
84 90 
3 30 
40 44 
9 41 
89 34 
12 100 
88 40 
38 48 
31 5 
15 48 
48 61 
53 39 
68 35 
78 30 
27 79 
4 48 
35 28 
28 95 
33 49 
93 90 
77 43 
95 69 
40 30 
4 40 
70 81 
55 93 
90 21 
39 45 
69 8 
24 17 
31 75 
25 35 
98 13 
88 28 
24 72 
46 31 
2 10 
100 57 
33 85 
5 75 
99 64 
40 56 
75 8 
38 1 
96 47 
38 39 
5 38 
43 63 
73 34 
43 55 
3 29 
6 96 
24 26 
70 88 
79 65 
71 90 
31 99 
20 0 
84 75 
68 93 
67 60 
31 96 
5 52 
92 100 
13 18 
33 33 
42 14 
61 76 
95 93 
51 35 
48 61 
37 53 
99 41 
3 57 
53 25 
14 15 
79 43 
97 8 
59 78 
83 44 
2 97 
80 78 
10 99 
5 52 
9 27 
48 29 
81 63 
9 8 
66 94 
0 6 
0 28 
99 47 
30 33 
61 84 
31 68 
82 55 
30 68 
48 54 
64 75 
30 78 
59 17 
35 37 
42 29 
84 89 
89 42 
92 29 
73 86 
36 36 
58 13 
67 7 
87 12 
62 97 
33 47 
22 83 
23 100 
19 27 
93 50 
78 65 
66 94 
82 30 
28 86 
61 43 
69 94 
64 22 
99 45 
26 22 
75 48 
92 20 
39 5 
73 79 
82 6 
79 3 
81 97 
9 14 
0 42 
15 57 
36 80 
35 47 
16 26 
2 45 
83 84 
41 18 
54 93 
74 51 
79 84 
11 69 
57 67 
39 100 
70 31 
70 42 
77 21 
81 25 
99 39 
74 8 
68 5 
64 7 
44 76 
29 58 
55 55 
93 47 
6 81 
71 18 
23 99 
24 55 
68 81 
55 25 
34 2 
39 65 
75 60 
76 89 
88 33 
25 100 
94 1 
21 24 
46 35 
56 26 
5 23 
22 14 
93 0 
39 82 
2 61 
74 0 
44 16 
56 69 
90 85 
3 93 
69 18 
17 71 
62 82 
95 29 
38 26 
22 54 
24 95 
28 59 
80 62 
80 12 
35 26 
28 51 
87 62 
24 30 
84 25 
75 86 
13 31 
92 77 
54 81 
99 62 
84 1 
72 96 
15 78 
63 48 
34 22 
10 8 
31 20 
46 32 
11 41 
58 46 
78 19 
80 93 
52 9 
38 60 
82 1 
26 40 
0 25 
10 79 
92 98 
63 56 
21 43 
33 66 
46 83 
55 65 
52 37 
22 16 
52 51 
42 15 
40 65 
69 80 
91 81 
30 3 
66 53 
34 21 
43 22 
8 60 
75 90 
41 94 
29 69 
32 8 
54 68 
48 74 
21 86 
55 85 
90 47 
46 42 
43 36 
79 17 
95 34 
80 54 
53 33 
5 41 
97 52 
40 50 
74 5 
80 47 
32 11 
3 83 
3 78 
27 8 
50 99 
0 43 
67 58 
53 85 
1 97 
62 89 
77 96 
53 93 
61 23 
96 27 
80 32 
3 33 
27 58 
50 95 
98 80 
71 23 
73 53 
97 51 
18 80 
68 77 
96 14 
17 62 
79 64 
75 35 
20 78 
88 0 
80 89 
53 13 
35 57 
74 53 
72 28 
97 88 
92 35 
97 24 
21 17 
22 90 
88 2 
80 4 
40 31 
86 68 
30 80 
30 22 
0 56 
94 33 
93 39 
39 14 
19 89 
79 42 
5 94 
24 68 
2 89 
62 0 
71 50 
61 90 
45 78 
57 15 
40 88 
76 51 
82 2 
5 45 
92 69 
49 85 
36 85 
0 96 
89 40 
45 46 
49 83 
32 55 
92 10 
95 98 
45 69 
89 84 
43 38 
11 58 
32 21 
72 13 
6 61 
41 28 
66 66 
8 38 
81 48 
14 26 
25 45 
52 36 
37 58 
24 21 
64 82 
70 91 
26 59 
49 48 
87 81 
32 71 
68 64 
34 44 
86 25 
48 41 
47 58 
69 67 
2 47 
83 97 
53 61 
45 32 
60 97 
49 4 
79 85 
38 45 
91 89 
86 89 
88 8 
27 0 
35 40 
25 44 
68 72 
13 96 
83 6 
61 67 
6 65 
3 30 
83 19 
44 49 
27 71 
63 60 
21 39 
34 16 
94 82 
57 2 
44 91 
1 68 
92 55 
0 21 
31 79 
67 62 
37 35 
24 93 
85 56 
20 42 
99 10 
32 20 
74 82 
93 18 
92 86 
82 71 
20 22 
1 14 
49 53 
7 21 
91 66 
50 8 
9 89 
13 12 
56 40 
56 0 
58 100 
92 44 
95 68 
35 97 
91 82 
54 14 
45 0 
59 99 
84 90 
5 10 
20 83 
97 25 
44 62 
13 29 
43 20 
76 5 
84 15 
81 53 
30 47 
39 76 
80 66 
64 1 
77 43 
1 26 
95 93 
88 16 
0 70 
75 87 
44 13 
48 42 
74 1 
76 34 
22 69 
61 25 
78 40 
95 5 
33 72 
66 50 
68 40 
82 18 
34 71 
28 13 
30 71 
97 20 
37 93 
76 84 
35 45 
11 49 
92 65 
19 76 
67 66 
95 6 
65 11 
12 34 
27 53 
55 77 
42 23 
96 25 
86 54 
93 6 
54 43 
80 60 
4 98 
82 46 
78 56 
90 91 
78 89 
92 47 
87 0 
30 19 
1 43 
80 38 
49 43 
79 32 
47 47 
93 19 
3 99 
37 7 
96 5 
58 94 
5 73 
33 47 
91 41 
95 96 
66 48 
31 86 
84 41 
71 55 
4 57 
65 18 
86 90 
30 4 
23 74 
3 39 
26 27 
58 37 
86 84 
90 22 
23 29 
72 13 
39 74 
74 50 
13 37 
59 58 
10 29 
2 58 
77 81 
52 73 
18 30 
59 41 
59 40 
12 38 
27 60 
46 57 
97 55 
6 33 
25 27 
73 42 
81 2 
77 59 
64 72 
95 85 
29 0 
20 30 
53 10 
78 19 
5 43 
11 5 
4 41 
4 21 
66 52 
72 66 
55 54 
47 84 
50 55 
16 41 
20 75 
65 35 
58 19 
100 51 
70 4 
12 35 
14 39 
3 4 
51 26 
58 62 
47 9 
23 49 
75 32 
40 66 
62 81 
84 22 
47 79 
19 93 
11 46 
0 78 
84 37 
53 88 
78 43 
40 94 
82 39 
78 12 
90 30 
95 99 
9 35 
76 60 
34 82 
28 33 
50 1 
98 100 
42 33 
60 92 
21 26 
14 76 
52 42 
86 90 
81 95 
32 53 
36 30 
58 45 
55 12 
15 52 
75 73 
18 42 
91 11 
80 90 
50 62 
62 39 
48 71 
46 72 
11 79 
8 0 
44 11 
54 83 
89 40 
19 69 
22 79 
55 19 
99 38 
34 42 
2 54 
24 53 
25 69 
2 7 
73 13 
35 24 
50 24 
77 16 
96 77 
71 44 
27 62 
56 50 
45 53 
72 8 
64 65 
47 95 
54 25 
11 86 
51 6 
27 7 
55 38 
94 0 
38 93 
44 27 
27 81 
89 71 
93 10 
48 16 
26 34 
68 2 
23 65 
53 55 
60 100 
75 30 
13 96 
7 6 
43 16 
80 68 
9 39 
84 27 
57 95 
95 12 
59 44 
89 54 
40 59 
36 31 
19 9 
98 47 
73 99 
70 30 
33 16 
2 32 
80 57 
24 28 
28 50 
67 25 
59 80 
12 65 
6 19 
17 100 
86 64 
51 95 
99 82 
83 7 
13 37 
74 32 
35 17 
87 2 
64 5 
89 0 
9 6 
83 98 
46 48 
3 27 
5 79 
90 43 
18 58 
24 83 
41 37 
24 64 
18 99 
74 32 
34 51 
97 96 
77 55 
76 60 
58 36 
62 72 
87 76 
95 46 
61 94 
17 12 
31 5 
90 35 
34 31 
41 72 
2 79 
9 39 
52 48 
21 45 
11 33 
9 18 
39 35 
69 85 
20 59 
7 68 
51 91 
72 63 
77 100 
75 4 
65 1 
10 55 
84 2 
24 96 
41 89 
13 12 
32 5 
64 46 
52 59 
94 89 
68 59 
54 58 
62 69 
40 72 
73 33 
76 78 
89 88 
25 72 
17 25 
46 6 
4 34 
25 94 
73 27 
25 74 
90 88 
73 96 
63 85 
61 59 
56 84 
39 85 
79 68 
92 57 
90 44 
66 97 
72 66 
10 33 
91 46 
79 54 
45 35 
84 63 
89 4 
59 7 
64 39 
59 26 
83 3 
31 0 
9 84 
94 37 
73 38 
98 95 
40 98 
17 72 
42 1 
89 97 
67 69 
98 51 
93 75 
48 30 
89 2 
88 22 
73 81 
49 71 
92 70 
71 26 
6 6 
75 100 
30 67 
76 34 
1 3 
38 36 
47 5 
6 5 
35 95 
8 38 
33 5 
40 52 
73 1 
71 29 
37 76 
80 81 
33 1 
11 16 
19 42 
45 79 
5 99 
14 69 
38 100 
41 57 
84 14 
11 20 
66 56 
31 27 
6 87 
48 34 
23 32 
72 88 
15 32 
35 85 
63 28 
52 67 
37 17 
60 28 
90 57 
70 35 
25 14 
41 13 
80 69 
10 2 
17 20 
18 83 
100 4 
62 22 
36 77 
30 70 
35 24 
17 64 
58 93 
36 16 
6 58 
29 77 
65 3 
72 10 
68 81 
55 8 
10 39 
49 81 
27 4 
33 23 
95 72 
87 5 
76 16 
40 35 
2 26 
48 3 
63 93 
47 62 
27 15 
5 42 
17 76 
45 37 
10 96 
96 31 
5 85 
47 15 
27 25 
50 19 
94 89 
0 83 
26 77 
71 99 
1 72 
32 75 
58 74 
3 64 
17 76 
17 23 
89 26 
44 92 
36 28 
60 54 
58 58 
83 95 
69 100 
16 37 
3 88 
26 32 
6 54 
74 46 
19 40 
58 56 
38 36 
56 22 
94 55 
63 58 
43 57 
5 44 
74 47 
46 8 
6 58 
84 16 
29 33 
51 6 
58 79 
55 22 
64 79 
3 36 
76 63 
83 62 
37 31 
0 4 
79 39 
45 63 
39 42 
7 7 
37 9 
36 32 
59 83 
85 74 
65 46 
81 40 
25 10 
4 79 
26 39 
87 60 
62 77 
44 78 
20 36 
31 63 
22 5 
3 3 
92 78 
32 65 
39 51 
36 26 
4 65 
82 39 
50 82 
1 49 
24 42 
95 94 
17 12 
11 58 
45 34 
95 12 
38 11 
72 62 
38 47 
21 32 
63 24 
4 10 
79 63 
49 5 
79 99 
31 84 
16 96 
81 74 
43 88 
96 85 
24 20 
6 86 
39 97 
97 3 
16 70 
34 8 
74 1 
61 82 
62 80 
73 98 
28 35 
94 44 
77 48 
32 41 
26 95 
90 89 
32 63 
2 0 
34 19 
46 71 
22 45 
83 28 
46 51 
77 46 
37 55 
49 52 
92 82 
0 83 
35 96 
83 10 
44 67 
100 83 
65 23 
70 79 
70 42 
22 61 
87 22 
57 59 
61 88 
39 55 
73 82 
99 62 
23 71 
67 55 
60 25 
37 72 
80 82 
81 34 
3 98 
74 89 
38 96 
53 66 
46 72 
85 87 
45 7 
81 64 
49 17 
77 84 
98 33 
53 64 
75 5 
92 49 
95 86 
0 64 
85 86 
61 57 
82 26 
100 76 
28 58 
87 41 
19 22 
50 41 
59 24 
20 16 
22 87 
4 68 
32 51 
77 22 
7 40 
43 45 
70 99 
1 61 
30 93 
7 90 
4 49 
96 56 
92 43 
8 80 
33 56 
47 9 
9 75 
55 79 
50 14 
51 79 
87 79 
93 90 
36 23 
16 75 
65 69 
69 57 
87 79 
92 12 
77 9 
65 98 
5 90 
66 68 
62 100 
51 61 
75 82 
7 5 
37 88 
80 34 
96 96 
92 36 
67 98 
33 29 
55 88 
81 48 
80 61 
85 6 
0 8 
10 47 
73 35 
45 74 
65 33 
17 36 
64 73 
63 98 
63 31 
65 72 
99 24 
6 5 
46 94 
59 50 
97 63 
5 30 
90 17 
96 2 
41 65 
45 32 
4 40 
93 54 
9 49 
3 20 
34 95 
38 55 
81 64 
0 41 
34 65 
51 7 
27 40 
10 18 
25 82 
26 37 
0 35 
32 1 
90 52 
22 11 
19 47 
6 58 
18 70 
55 32 
72 0 
52 29 
9 3 
56 13 
5 86 
42 55 
41 35 
36 69 
85 58 
18 2 
44 25 
78 39 
30 25 
49 59 
5 21 
46 81 
74 77 
75 88 
71 49 
27 61 
84 96 
100 96 
74 14 
90 8 
68 4 
0 94 
16 81 
21 27 
83 29 
11 98 
44 92 
14 98 
96 95 
24 73 
46 32 
26 81 
23 47 
98 64 
82 37 
93 67 
37 74 
21 14 
11 59 
40 82 
95 87 
87 13 
8 84 
53 9 
80 34 
87 94 
88 18 
65 85 
68 64 
10 31 
65 69 
72 2 
1 65 
26 73 
60 65 
1 42 
3 41 
71 88 
51 12 
36 6 
73 26 
65 100 
60 66 
23 9 
32 96 
100 28 
9 97 
49 91 
76 46 
74 46 
75 54 
67 51 
78 48 
63 9 
74 52 
75 91 
11 23 
87 20 
56 27 
85 3 
31 48 
55 19 
52 70 
67 37 
78 45 
82 59 
81 15 
76 67 
23 66 
31 9 
70 14 
4 1 
25 37 
4 55 
34 86 
4 22 
84 99 
70 41 
89 18 
8 23 
3 14 
84 96 
61 32 
37 38 
4 78 
91 97 
89 89 
97 79 
92 51 
62 81 
69 9 
56 65 
1 84 
94 65 
24 94 
35 63 
65 9 
0 74 
80 22 
19 61 
80 83 
72 35 
64 71 
57 22 
89 48 
83 3 
15 22 
67 34 
74 5 
79 75 
5 64 
0 30 
99 10 
25 84 
84 95 
50 44 
51 36 
5 43 
85 79 
76 79 
75 37 
18 50 
86 77 
86 80 
63 29 
36 93 
34 22 
26 100 
98 0 
54 93 
18 96 
44 47 
14 63 
95 47 
22 21 
77 98 
27 100 
65 89 
73 56 
12 67 
52 42 
49 64 
38 96 
84 96 
49 32 
96 53 
14 62 
14 15 
56 3 
88 56 
61 14 
9 31 
54 2 
88 40 
98 6 
43 51 
43 21 
44 18 
57 4 
12 42 
43 71 
62 83 
11 24 
37 14 
22 98 
36 3 
9 38 
58 35 
1 55 
1 20 
24 30 
94 34 
60 41 
52 39 
14 74 
87 70 
47 53 
24 82 
34 47 
87 8 
37 70 
61 4 
35 80 
0 55 
73 21 
77 12 
65 55 
47 78 
40 19 
29 14 
3 94 
75 66 
35 62 
10 74 
6 76 
55 100 
31 44 
43 99 
100 3 
26 8 
20 69 
57 40 
81 68 
68 59 
1 43 
66 91 
71 4 
12 95 
25 72 
7 67 
47 16 
32 59 
79 16 
7 51 
64 81 
31 91 
20 47 
73 36 
24 55 
55 20 
24 58 
36 51 
47 37 
86 52 
86 38 
17 34 
17 40 
30 49 
48 51 
51 49 
15 47 
33 70 
76 5 
27 72 
4 57 
89 43 
63 82 
61 91 
34 3 
46 21 
75 64 
32 75 
32 25 
52 79 
54 59 
16 7 
9 45 
75 1 
55 66 
25 31 
1 76 
87 89 
93 41 
4 43 
43 18 
40 90 
85 86 
13 39 
49 27 
28 28 
46 77 
5 35 
30 52 
49 48 
89 5 
88 46 
20 20 
45 78 
6 83 
60 77 
27 78 
93 91 
84 81 
39 17 
7 96 
67 58 
46 10 
46 37 
27 80 
71 71 
98 30 
22 6 
79 36 
98 31 
16 5 
67 63 
80 11 
9 17 
45 70 
74 97 
60 26 
71 42 
87 69 
43 73 
22 34 
80 38 
5 45 
23 39 
77 3 
59 64 
14 37 
78 19 
34 100 
33 53 
75 100 
57 0 
98 84 
64 56 
73 29 
43 9 
92 11 
66 17 
17 71 
71 40 
70 94 
22 60 
50 64 
48 80 
52 44 
31 53 
56 18 
28 53 
10 48 
23 68 
44 85 
67 100 
9 89 
41 26 
38 54 
64 84 
98 28 
62 81 
51 28 
49 69 
91 7 
18 95 
63 60 
84 25 
16 68 
79 4 
31 97 
20 74 
2 91 
55 83 
36 98 
1 28 
69 94 
2 63 
51 42 
52 10 
94 77 
79 94 
74 55 
38 61 
58 39 
21 53 
68 73 
56 75 
71 32 
38 8 
44 63 
96 57 
45 83 
78 30 
87 90 
88 82 
70 86 
87 77 
13 50 
50 24 
91 93 
98 75 
82 60 
25 99 
80 56 
99 28 
11 83 
20 63 
32 79 
72 67 
29 10 
2 82 
57 49 
44 12 
43 6 
47 8 
51 53 
16 63 
44 48 
56 50 
22 4 
42 70 
79 59 
94 33 
89 46 
93 47 
97 3 
30 22 
3 72 
88 30 
27 10 
6 85 
35 35 
99 44 
64 100 
72 3 
19 59 
93 51 
77 95 
2 39 
99 40 
29 61 
57 94 
90 97 
74 9 
89 49 
21 96 
18 49 
17 92 
100 1 
66 45 
3 71 
44 78 
59 49 
86 61 
97 48 
30 7 
18 89 
9 62 
32 92 
23 52 
46 17 
28 17 
29 25 
31 52 
69 25 
52 18 
50 45 
100 70 
84 0 
89 4 
68 79 
95 32 
9 13 
16 4 
82 50 
54 11 
6 34 
98 94 
35 72 
92 53 
23 49 
17 78 
58 88 
10 91 
3 32 
47 68 
82 75 
41 89 
43 79 
29 32 
75 96 
49 62 
82 11 
72 23 
13 60 
83 66 
30 10 
74 41 
29 86 
16 7 
67 30 
26 22 
47 48 
44 45 
54 15 
94 25 
95 33 
17 2 
24 8 
84 80 
19 86 
0 40 
80 49 
52 95 
85 4 
85 4 
26 72 
95 41 
89 92 
37 91 
44 73 
100 20 
27 94 
81 32 
20 31 
26 47 
90 96 
25 32 
40 54 
2 27 
45 94 
49 44 
3 47 
1 80 
90 23 
19 21 
53 91 
85 13 
85 86 
29 79 
82 88 
71 40 
55 79 
93 63 
20 27 
52 54 
45 14 
56 69 
10 97 
53 81 
36 86 
31 24 
99 8 
80 38 
26 91 
24 57 
11 48 
48 43 
55 31 
64 16 
63 49 
78 2 
22 76 
36 84 
30 47 
93 28 
84 2 
12 8 
93 73 
5 62 
10 10 
8 89 
94 27 
70 24 
49 62 
83 54 
36 28 
57 3 
73 33 
32 2 
50 1 
9 50 
79 22 
84 32 
28 86 
42 91 
71 45 
81 63 
36 85 
61 86 
96 1 
36 31 
42 51 
17 12 
96 1 
12 100 
9 93 
100 99 
80 19 
82 4 
20 87 
7 74 
85 46 
66 73 
98 42 
71 77 
100 65 
62 37 
23 77 
64 0 
58 42 
0 43 
14 16 
90 45 
20 90 
65 96 
21 28 
6 90 
99 6 
13 46 
58 67 
7 28 
51 92 
100 99 
0 52 
5 95 
34 20 
18 10 
79 69 
13 57 
21 71 
64 43 
20 67 
7 28 
65 41 
31 47 
80 29 
29 4 
71 100 
13 90 
30 29 
10 37 
95 13 
27 52 
11 94 
38 31 
16 65 
34 1 
88 4 
56 96 
79 46 
66 34 
2 3 
69 90 
52 79 
37 19 
37 64 
14 97 
86 70 
74 86 
100 94 
35 77 
1 46 
31 80 
29 93 
58 97 
65 32 
60 41 
63 64 
36 7 
91 98 
73 34 
52 55 
25 85 
84 73 
86 79 
11 62 
67 5 
86 22 
61 74 
29 39 
53 65 
92 1 
57 65 
76 79 
2 67 
96 5 
51 71 
74 8 
86 42 
51 88 
90 33 
52 7 
99 10 
65 87 
18 61 
100 43 
31 46 
43 25 
84 70 
78 28 
1 35 
79 23 
11 3 
80 99 
73 78 
50 92 
98 42 
7 73 
76 88 
67 98 
50 56 
99 32 
70 1 
49 56 
18 67 
59 100 
16 93 
68 50 
22 53 
98 68 
81 47 
90 100 
30 80 
55 16 
60 45 
62 83 
42 74 
9 100 
66 5 
11 58 
54 17 
17 10 
17 32 
77 10 
77 65 
23 85 
24 30 
94 7 
94 23 
41 100 
34 63 
81 64 
25 70 
40 20 
81 32 
32 34 
83 48 
2 51 
26 19 
52 10 
24 89 
43 64 
37 23 
1 67 
49 31 
46 74 
99 34 
23 31 
39 20 
2 50 
92 41 
17 22 
48 90 
42 48 
52 62 
93 68 
39 8 
15 70 
87 35 
53 24 
39 53 
91 51 
30 8 
80 100 
93 6 
78 3 
13 47 
98 18 
36 67 
45 85 
54 53 
92 51 
23 90 
42 67 
31 88 
92 4 
66 16 
30 87 
70 6 
11 8 
22 44 
68 52 
4 24 
97 12 
18 25 
1 4 
81 55 
67 84 
47 44 
10 23 
33 61 
29 48 
66 11 
43 100 
89 65 
26 35 
77 86 
85 16 
30 15 
95 3 
44 74 
35 98 
88 17 
26 27 
37 21 
28 54 
45 6 
71 16 
35 97 
1 95 
8 30 
58 25 
87 33 
49 64 
77 35 
85 31 
9 43 
11 88 
74 74 
63 11 
15 61 
99 90 
69 45 
47 24 
38 17 
1 97 
97 52 
18 50 
83 10 
86 63 
59 41 
22 3 
48 99 
13 84 
19 16 
44 4 
47 40 
45 95 
98 41 
76 86 
21 87 
19 16 
14 64 
13 2 
33 45 
34 41 
3 77 
63 7 
6 11 
66 15 
64 6 
67 40 
92 26 
33 49 
24 0 
63 50 
44 22 
25 72 
80 11 
29 73 
78 90 
68 76 
63 38 
18 11 
12 90 
71 86 
38 62 
27 37 
10 24 
59 24 
26 73 
88 48 
78 49 
69 81 
79 87 
65 6 
69 56 
11 31 
58 40 
19 55 
8 6 
81 85 
63 73 
40 35 
46 30 
47 48 
50 20 
2 82 
34 85 
78 21 
26 7 
89 27 
24 81 
55 1 
25 9 
97 56 
93 8 
3 8 
22 29 
20 46 
54 75 
69 54 
51 90 
29 88 
81 68 
64 18 
2 61 
75 0 
94 34 
70 58 
93 86 
37 1 
1 10 
51 56 
18 3 
83 72 
71 26 
7 66 
73 73 
80 15 
10 45 
73 87 
61 94 
85 0 
48 94 
21 31 
65 24 
34 16 
41 18 
3 83 
73 13 
61 74 
49 12 
97 64 
67 31 
82 8 
28 94 
89 57 
19 7 
62 96 
59 58 
52 55 
67 94 
5 50 
29 29 
92 38 
85 4 
0 61 
50 16 
92 92 
45 39 
18 66 
68 76 
73 50 
71 77 
100 12 
38 74 
46 9 
54 31 
3 77 
12 33 
11 71 
12 92 
82 99 
64 37 
86 23 
79 43 
80 24 
85 53 
59 59 
29 45 
46 69 
66 82 
49 91 
32 77 
49 39 
46 0 
97 93 
52 77 
23 89 
62 55 
53 5 
7 45 
65 58 
50 15 
37 54 
82 12 
10 52 
35 100 
61 28 
54 41 
25 17 
14 5 
75 59 
43 60 
34 17 
15 85 
58 21 
27 63 
36 97 
60 53 
13 21 
24 37 
1 74 
64 39 
2 11 
18 61 
72 73 
26 88 
39 73 
76 27 
83 23 
33 89 
37 54 
98 71 
11 65 
23 81 
71 95 
82 62 
57 84 
86 2 
32 33 
5 16 
73 23 
46 50 
77 97 
87 94 
93 97 
83 54 
14 3 
42 82 
55 97 
74 19 
100 7 
2 16 
91 43 
56 86 
90 30 
8 60 
85 78 
23 73 
11 96 
3 87 
50 40 
12 71 
42 16 
0 41 
3 22 
16 68 
58 0 
39 12 
58 51 
15 19 
49 2 
14 70 
22 73 
16 30 
79 25 
0 47 
54 35 
27 10 
19 73 
50 35 
37 28 
69 60 
26 57 
44 78 
45 75 
47 12 
66 49 
88 68 
47 70 
69 74 
75 0 
45 74 
48 47 
14 47 
14 82 
68 94 
65 92 
40 36 
79 23 
54 96 
11 20 
72 80 
33 6 
66 47 
90 52 
80 5 
8 96 
8 37 
48 8 
30 23 
74 86 
69 72 
42 62 
32 58 
84 32 
62 65 
15 2 
39 73 
9 24 
51 28 
27 75 
73 62 
23 75 
36 20 
15 91 
43 28 
95 30 
27 41 
68 10 
82 37 
75 36 
96 54 
34 77 
95 65 
16 55 
64 76 
9 85 
44 27 
13 49 
53 76 
27 17 
93 1 
98 21 
52 29 
70 46 
95 63 
23 75 
32 31 
89 23 
25 91 
75 57 
15 80 
72 53 
55 10 
84 46 
45 46 
61 67 
56 4 
85 65 
86 77 
22 49 
4 75 
37 48 
52 93 
25 44 
74 62 
65 19 
51 46 
39 9 
52 23 
33 37 
59 24 
9 82 
10 59 
36 3 
47 96 
69 65 
44 3 
49 2 
13 50 
27 26 
65 88 
39 61 
77 36 
6 31 
81 2 
96 43 
47 37 
25 20 
14 42 
26 52 
73 12 
43 34 
41 1 
40 31 
91 68 
47 66 
92 51 
24 78 
33 84 
14 8 
25 31 
73 0 
39 37 
4 89 
86 60 
10 12 
6 10 
6 66 
23 85 
57 43 
39 30 
50 53 
5 86 
45 25 
64 78 
77 69 
25 43 
17 20 
12 2 
72 61 
77 30 
22 94 
81 86 
54 37 
56 33 
87 37 
14 42 
7 49 
97 63 
3 75 
49 80 
94 8 
49 94 
60 90 
4 45 
85 26 
100 17 
20 3 
92 19 
19 19 
6 34 
50 72 
9 59 
77 37 
8 41 
27 31 
15 64 
8 48 
87 73 
56 83 
87 27 
86 65 
91 80 
13 13 
53 22 
14 96 
36 8 
49 52 
33 58 
58 39 
69 76 
91 2 
50 17 
68 46 
0 34 
99 90 
67 45 
5 83 
56 54 
32 25 
43 3 
32 30 
94 14 
67 73 
16 32 
38 89 
64 100 
96 57 
61 30 
90 30 
7 52 
15 37 
69 76 
88 98 
26 24 
45 58 
84 59 
3 70 
35 0 
21 15 
93 91 
7 0 
1 37 
9 6 
76 30 
95 94 
66 94 
72 8 
95 56 
82 78 
47 69 
44 77 
77 10 
81 70 
60 97 
69 66 
1 95 
84 71 
75 61 
16 26 
97 35 
3 83 
30 20 
0 47 
50 34 
62 47 
32 87 
72 6 
100 51 
67 39 
96 36 
87 56 
16 24 
18 77 
32 10 
46 21 
32 44 
9 100 
10 69 
85 87 
89 31 
80 67 
78 40 
80 5 
92 77 
33 99 
48 88 
49 91 
58 85 
45 8 
48 0 
45 29 
38 59 
96 81 
100 26 
29 64 
98 68 
15 24 
80 56 
71 4 
53 5 
41 34 
26 0 
95 82 
95 38 
44 34 
9 99 
12 4 
61 7 
71 79 
31 73 
21 75 
70 47 
62 72 
29 11 
83 68 
90 5 
24 30 
32 71 
57 54 
86 3 
42 6 
85 32 
57 34 
37 17 
34 93 
54 23 
39 5 
45 18 
47 2 
60 87 
65 76 
28 22 
29 36 
14 76 
61 22 
94 14 
92 59 
58 67 
53 36 
66 44 
13 81 
95 14 
29 59 
98 100 
80 34 
59 74 
73 99 
68 65 
36 70 
12 39 
43 51 
74 89 
93 91 
79 45 
9 88 
68 46 
23 80 
84 2 
44 25 
4 37 
18 50 
100 25 
30 67 
32 51 
53 2 
26 79 
91 17 
15 31 
13 73 
81 60 
76 15 
77 47 
51 65 
87 65 
48 44 
94 20 
21 75 
50 15 
96 11 
45 14 
47 1 
65 34 
12 46 
68 29 
15 23 
100 82 
79 2 
23 91 
86 23 
41 60 
97 27 
23 67 
60 55 
34 82 
21 57 
81 3 
73 73 
34 5 
55 8 
71 29 
28 19 
50 44 
27 80 
12 86 
19 80 
39 62 
26 74 
2 51 
24 49 
61 70 
28 40 
3 80 
27 60 
42 61 
1 79 
58 33 
86 16 
73 90 
21 24 
22 0 
13 84 
1 57 
11 77 
99 16 
47 69 
92 45 
28 48 
82 74 
25 18 
62 15 
60 34 
6 72 
78 51 
23 21 
73 29 
55 62 
77 53 
27 92 
48 42 
3 22 
21 79 
73 37 
58 54 
75 63 
67 28 
53 34 
73 11 
44 75 
10 44 
25 23 
100 21 
72 22 
31 87 
75 78 
83 79 
80 27 
9 82 
19 83 
4 51 
19 18 
98 64 
40 60 
21 81 
45 57 
36 25 
72 13 
0 44 
12 47 
1 65 
84 46 
73 89 
55 75 
64 5 
2 97 
64 76 
27 45 
35 11 
7 73 
64 86 
17 20 
20 63 
37 3 
84 85 
33 3 
84 93 
94 38 
70 87 
19 64 
8 2 
75 28 
39 25 
44 87 
85 83 
76 0 
43 0 
76 49 
44 50 
55 52 
20 80 
24 31 
20 43 
39 100 
74 79 
66 97 
70 50 
73 90 
44 29 
50 30 
68 24 
82 49 
36 62 
22 43 
78 4 
81 99 
94 82 
12 35 
54 28 
54 11 
81 74 
65 56 
88 63 
19 4 
87 93 
29 91 
75 10 
14 30 
99 66 
66 1 
20 12 
42 74 
78 74 
84 40 
100 82 
12 45 
53 84 
94 28 
5 68 
89 97 
9 51 
12 42 
89 27 
61 23 
26 39 
93 96 
14 11 
92 43 
28 2 
72 23 
31 9 
44 12 
74 80 
73 69 
67 29 
68 88 
81 1 
80 24 
62 8 
64 11 
37 28 
62 21 
18 92 
37 65 
38 70 
45 21 
67 95 
48 69 
52 67 
17 46 
31 81 
44 74 
16 41 
45 84 
91 47 
79 69 
40 23 
41 21 
37 27 
28 34 
22 72 
18 55 
40 62 
62 38 
43 22 
32 88 
16 34 
11 1 
88 73 
26 44 
90 13 
55 95 
85 17 
30 6 
45 17 
23 94 
33 4 
57 1 
44 89 
66 7 
74 13 
83 2 
56 30 
97 41 
28 45 
32 36 
86 19 
32 92 
29 53 
47 60 
77 39 
40 64 
17 24 
70 82 
28 90 
38 82 
62 11 
12 33 
71 30 
20 80 
84 9 
76 100 
97 42 
54 41 
36 86 
73 78 
9 55 
91 60 
43 34 
60 14 
45 64 
9 33 
48 31 
68 16 
98 37 
16 57 
91 21 
47 46 
9 85 
98 74 
96 5 
66 56 
39 92 
87 31 
3 39 
19 4 
63 32 
82 95 
10 6 
89 35 
1 62 
43 32 
23 36 
99 47 
27 31 
91 44 
18 5 
0 76 
17 4 
21 31 
41 37 
3 42 
5 85 
41 53 
20 4 
17 42 
22 57 
75 42 
37 60 
16 96 
43 91 
16 67 
23 51 
76 61 
56 84 
2 81 
80 96 
99 61 
3 93 
27 26 
74 5 
31 59 
28 40 
51 61 
53 54 
47 34 
62 97 
87 22 
37 41 
3 20 
67 76 
20 50 
8 17 
85 77 
97 52 
5 83 
88 84 
10 53 
90 55 
97 53 
99 17 
71 87 
65 7 
66 98 
28 21 
90 6 
34 33 
62 57 
68 18 
45 51 
18 97 
12 71 
33 83 
73 33 
36 38 
92 20 
26 75 
62 78 
60 19 
16 13 
52 53 
17 54 
89 10 
55 98 
19 7 
54 86 
84 72 
66 74 
43 68 
49 4 
10 85 
42 56 
54 86 
38 0 
44 40 
100 28 
49 45 
29 43 
60 53 
42 49 
22 96 
33 70 
54 62 
84 79 
61 76 
38 35 
46 24 
79 44 
19 11 
81 10 
0 15 
1 35 
81 6 
18 95 
10 32 
88 5 
54 54 
95 75 
94 60 
65 54 
25 49 
99 59 
59 12 
47 62 
1 19 
48 85 
72 60 
81 31 
46 96 
8 60 
42 75 
15 70 
77 54 
56 75 
80 12 
37 45 
96 61 
49 38 
99 87 
17 11 
43 77 
89 4 
29 23 
17 37 
82 74 
30 86 
64 15 
87 95 
87 4 
25 12 
50 65 
81 61 
40 14 
73 81 
29 94 
16 38 
8 55 
27 19 
75 27 
64 68 
2 2 
4 8 
53 98 
19 38 
74 26 
45 46 
98 54 
4 32 
65 90 
73 64 
44 77 
66 99 
44 28 
94 50 
83 58 
85 25 
61 50 
100 46 
90 93 
13 24 
97 47 
75 91 
21 1 
42 24 
56 26 
39 34 
10 91 
88 98 
75 61 
94 64 
30 100 
26 9 
34 41 
30 19 
57 53 
68 24 
47 37 
95 43 
77 81 
40 65 
50 24 
56 41 
24 28 
28 16 
63 34 
67 7 
64 57 
35 94 
91 78 
49 75 
7 97 
36 47 
15 17 
48 91 
89 6 
70 93 
93 71 
53 15 
41 4 
5 60 
64 73 
0 30 
64 95 
8 62 
80 37 
8 2 
84 38 
55 48 
97 78 
22 1 
75 85 
74 6 
81 59 
54 91 
60 63 
18 68 
1 51 
15 66 
96 81 
32 16 
75 97 
68 77 
57 48 
1 20 
53 30 
42 47 
65 65 
63 84 
76 98 
26 12 
52 11 
22 27 
78 46 
52 35 
68 84 
87 9 
43 68 
7 31 
42 89 
81 78 
55 59 
78 23 
49 2 
61 52 
36 26 
0 99 
35 56 
41 6 
1 92 
69 98 
93 66 
8 31 
87 35 
67 8 
70 34 
51 54 
11 51 
6 42 
30 11 
30 4 
55 47 
28 67 
40 11 
27 77 
37 72 
44 1 
53 58 
59 2 
20 73 
93 71 
17 100 
53 48 
22 84 
80 58 
58 40 
32 50 
47 8 
65 17 
13 17 
55 78 
53 13 
76 37 
79 28 
72 98 
19 1 
5 89 
31 21 
29 50 
56 94 
26 10 
53 63 
70 69 
68 73 
13 52 
92 10 
14 52 
42 6 
82 34 
12 57 
2 24 
71 1 
33 96 
61 5 
16 57 
74 64 
36 52 
26 36 
99 41 
7 36 
80 44 
81 93 
64 36 
22 85 
67 55 
0 5 
66 70 
99 12 
94 47 
59 52 
64 30 
62 81 
62 35 
58 25 
46 86 
21 13 
51 23 
46 79 
88 89 
59 41 
74 58 
59 73 
14 24 
77 65 
51 14 
2 16 
77 38 
10 91 
49 98 
45 36 
78 42 
75 50 
14 90 
55 78 
38 28 
86 62 
92 87 
50 13 
0 62 
32 33 
77 15 
6 92 
1 83 
8 27 
100 63 
14 55 
1 13 
41 21 
6 55 
34 67 
83 85 
30 33 
70 30 
95 77 
14 88 
99 10 
60 2 
7 52 
37 60 
8 87 
85 40 
81 81 
23 80 
45 23 
0 37 
23 61 
70 64 
98 58 
36 47 
73 34 
61 58 
91 80 
66 34 
93 84 
68 87 
28 11 
45 6 
59 3 
58 15 
33 81 
27 89 
9 87 
61 20 
34 29 
21 21 
78 29 
58 63 
32 37 
94 24 
4 10 
46 88 
80 44 
58 29 
51 73 
80 72 
90 52 
52 9 
48 53 
30 32 
48 87 
50 84 
5 39 
2 30 
67 60 
20 70 
1 37 
80 75 
43 34 
94 14 
91 85 
0 51 
79 55 
90 55 
45 3 
91 39 
58 29 
91 90 
55 0 
63 34 
37 51 
96 11 
45 38 
5 44 
90 31 
67 68 
11 51 
88 46 
2 54 
58 78 
15 97 
67 44 
47 59 
5 54 
38 53 
22 74 
90 47 
50 61 
9 53 
95 82 
85 75 
40 67 
3 48 
50 28 
41 73 
53 7 
37 72 
99 74 
36 25 
15 60 
83 96 
29 51 
96 3 
58 58 
72 76 
65 52 
5 80 
25 91 
19 6 
36 19 
100 26 
30 9 
44 91 
50 46 
27 78 
66 6 
62 49 
17 49 
7 50 
0 86 
12 96 
28 39 
20 92 
24 0 
54 66 
93 18 
33 42 
83 65 
73 56 
55 26 
57 72 
59 93 
65 86 
32 99 
69 46 
35 53 
37 100 
40 80 
35 73 
43 1 
89 35 
78 75 
76 41 
3 0 
19 80 
15 48 
43 66 
3 43 
82 20 
32 52 
48 41 
39 85 
29 96 
50 71 
93 19 
8 40 
35 17 
6 72 
30 47 
80 24 
92 55 
18 17 
41 62 
73 54 
59 18 
14 24 
50 31 
7 4 
70 20 
9 46 
47 43 
79 94 
21 40 
88 74 
46 41 
45 3 
4 15 
47 39 
85 25 
70 68 
18 13 
31 99 
4 15 
56 21 
58 32 
8 76 
13 2 
78 34 
47 43 
33 49 
0 51 
23 18 
25 47 
26 47 
89 8 
19 5 
11 20 
6 14 
45 8 
31 43 
78 15 
47 65 
19 59 
43 23 
99 47 
77 0 
48 54 
45 62 
85 31 
36 87 
49 80 
93 95 
75 79 
45 84 
62 15 
29 94 
60 92 
40 22 
27 78 
93 51 
81 67 
81 11 
51 27 
15 43 
25 74 
39 95 
66 44 
80 72 
92 97 
8 18 
92 32 
39 22 
47 38 
87 25 
37 24 
50 16 
55 73 
18 72 
68 64 
2 83 
81 49 
53 68 
38 76 
35 2 
89 76 
84 68 
55 81 
95 22 
89 83 
95 55 
42 0 
26 37 
40 74 
48 33 
64 94 
21 74 
10 56 
80 71 
72 84 
30 54 
79 75 
83 18 
7 63 
33 72 
87 21 
44 70 
47 37 
97 43 
71 44 
24 14 
29 2 
21 9 
77 88 
33 5 
94 93 
14 19 
61 43 
90 47 
70 40 
29 92 
6 62 
40 38 
4 52 
54 21 
71 42 
44 52 
44 81 
99 8 
44 49 
9 87 
72 61 
53 35 
53 45 
41 22 
16 30 
3 44 
69 6 
57 46 
92 57 
55 28 
36 64 
70 90 
61 65 
55 48 
36 70 
17 89 
5 19 
92 80 
73 39 
15 37 
100 1 
68 34 
10 82 
38 75 
23 32 
45 92 
76 59 
22 51 
76 95 
26 21 
90 18 
22 99 
22 89 
22 17 
51 94 
46 0 
94 66 
94 83 
58 84 
39 52 
49 96 
77 41 
89 71 
63 38 
57 13 
39 87 
44 28 
84 28 
40 36 
41 98 
68 14 
48 33 
70 38 
32 79 
20 87 
57 87 
100 78 
77 76 
90 58 
50 70 
63 65 
94 66 
55 18 
63 39 
89 45 
22 69 
86 66 
51 59 
78 96 
96 27 
84 50 
85 78 
29 44 
79 7 
5 13 
81 19 
77 99 
99 45 
21 72 
2 14 
17 46 
12 65 
41 16 
10 96 
32 2 
71 2 
76 98 
100 62 
87 88 
63 64 
26 11 
10 36 
32 10 
79 17 
14 57 
71 98 
72 57 
26 6 
2 91 
35 39 
14 84 
64 22 
11 38 
6 22 
100 25 
57 41 
82 85 
76 76 
72 97 
8 98 
52 76 
35 13 
4 15 
92 97 
81 94 
75 20 
13 67 
48 46 
8 2 
51 23 
74 43 
79 82 
21 57 
25 44 
89 60 
39 16 
65 46 
48 64 
36 1 
17 97 
16 58 
37 77 
0 83 
22 19 
13 46 
87 77 
12 75 
40 22 
50 78 
80 53 
57 46 
83 63 
100 20 
84 58 
35 46 
72 84 
81 51 
8 23 
50 96 
10 29 
3 65 
56 16 
83 0 
53 77 
33 21 
38 22 
73 64 
42 96 
93 7 
32 82 
82 35 
13 0 
17 54 
35 69 
52 42 
40 50 
98 64 
96 39 
2 61 
67 10 
36 87 
2 93 
70 21 
10 86 
50 66 
8 15 
63 62 
95 97 
28 83 
42 100 
84 49 
26 95 
34 30 
99 63 
58 97 
91 19 
40 99 
12 22 
76 20 
87 7 
37 82 
84 74 
31 6 
11 43 
75 81 
26 8 
51 60 
37 21 
94 32 
70 100 
70 85 
67 41 
41 16 
20 10 
40 63 
60 16 
21 94 
67 76 
77 9 
54 14 
18 2 
96 9 
50 49 
84 60 
43 63 
69 51 
54 75 
89 56 
69 58 
48 59 
94 24 
10 71 
29 92 
82 51 
71 14 
15 69 
80 54 
87 80 
1 97 
72 53 
23 84 
82 13 
91 3 
36 73 
79 91 
86 35 
3 0 
66 99 
0 79 
64 49 
32 68 
79 65 
96 94 
1 5 
77 55 
7 69 
5 50 
93 3 
57 70 
97 56 
42 38 
51 26 
18 16 
0 84 
22 36 
31 81 
35 6 
21 74 
46 77 
14 33 
56 51 
34 66 
2 29 
10 59 
65 19 
91 42 
64 72 
30 85 
78 74 
83 38 
50 29 
14 24 
60 83 
20 26 
40 27 
68 91 
70 75 
41 40 
60 14 
87 22 
48 42 
99 24 
18 66 
22 10 
91 47 
81 76 
89 34 
70 76 
68 39 
47 91 
20 34 
30 52 
17 73 
68 34 
96 33 
71 2 
24 44 
82 8 
52 42 
8 40 
57 57 
57 80 
56 79 
66 69 
29 78 
63 25 
55 28 
82 16 
45 38 
54 16 
27 41 
65 73 
58 68 
58 72 
45 78 
25 4 
58 58 
64 46 
83 43 
55 43 
78 47 
33 13 
15 62 
31 43 
68 13 
64 68 
32 18 
56 67 
26 69 
26 51 
47 3 
51 65 
55 91 
0 87 
36 49 
89 73 
15 56 
13 41 
76 70 
53 0 
50 98 
34 72 
47 54 
87 100 
98 50 
1 48 
23 2 
3 80 
3 57 
15 70 
22 26 
13 54 
79 0 
96 33 
23 98 
94 76 
81 37 
80 40 
21 92 
25 64 
34 17 
33 28 
28 97 
55 41 
81 48 
48 33 
78 59 
31 46 
30 83 
89 1 
4 88 
24 80 
71 25 
6 94 
51 40 
21 70 
67 23 
4 79 
89 76 
76 33 
89 28 
39 42 
14 40 
16 73 
79 20 
19 87 
11 35 
72 14 
83 71 
36 16 
92 77 
26 82 
60 23 
62 33 
31 68 
65 31 
80 25 
66 51 
0 31 
8 21 
4 19 
94 85 
65 43 
48 73 
0 29 
14 1 
24 63 
74 26 
19 89 
39 53 
100 69 
87 91 
85 22 
11 40 
92 91 
32 56 
78 32 
79 20 
73 57 
30 86 
46 46 
46 71 
7 38 
20 21 
82 68 
64 69 
37 56 
78 16 
15 97 
90 59 
75 99 
24 79 
51 74 
59 17 
60 74 
68 74 
65 26 
27 92 
84 68 
24 50 
56 25 
67 55 
3 75 
43 4 
8 82 
22 16 
93 92 
78 26 
55 15 
11 15 
20 56 
22 39 
97 92 
45 57 
99 86 
85 15 
98 28 
12 13 
47 65 
70 16 
91 2 
31 33 
79 13 
36 39 
1 63 
47 79 
82 94 
36 44 
59 82 
33 29 
85 63 
22 85 
87 48 
72 18 
45 21 
0 33 
30 55 
63 90 
48 6 
89 38 
40 81 
81 75 
43 57 
68 60 
51 24 
32 16 
17 96 
4 19 
85 87 
3 40 
75 78 
50 13 
57 15 
22 47 
97 64 
49 82 
11 96 
18 40 
19 42 
98 77 
9 68 
57 55 
46 4 
36 41 
44 22 
16 69 
16 90 
68 40 
55 29 
65 71 
55 91 
13 15 
68 65 
25 24 
12 23 
21 52 
49 30 
42 91 
49 80 
48 24 
99 76 
9 73 
22 98 
50 13 
29 33 
90 79 
48 17 
78 83 
68 76 
92 93 
9 34 
60 47 
66 80 
42 45 
50 90 
84 19 
6 18 
85 54 
32 63 
87 99 
23 68 
20 20 
100 53 
90 14 
82 37 
64 66 
75 11 
3 46 
94 85 
75 80 
1 100 
42 85 
17 65 
82 68 
58 63 
24 54 
1 30 
9 0 
5 47 
26 66 
27 27 
39 94 
99 51 
11 36 
0 3 
1 85 
30 30 
77 86 
62 2 
84 0 
71 22 
78 44 
83 54 
75 94 
21 4 
18 55 
4 74 
91 81 
87 84 
11 89 
80 13 
78 21 
4 24 
24 21 
96 99 
81 20 
86 78 
46 99 
91 88 
94 33 
2 21 
8 65 
78 6 
11 48 
79 66 
2 18 
18 35 
36 51 
26 22 
75 41 
64 90 
97 99 
90 94 
84 7 
16 84 
94 21 
7 9 
96 39 
21 46 
69 73 
39 65 
65 65 
69 94 
39 4 
67 73 
7 59 
98 47 
59 31 
29 69 
27 29 
46 95 
90 19 
10 72 
16 46 
75 26 
37 58 
96 1 
35 30 
34 60 
14 28 
0 66 
50 52 
14 58 
43 17 
37 72 
70 82 
73 54 
91 45 
99 23 
23 44 
12 31 
37 66 
59 5 
19 82 
98 8 
49 37 
17 57 
30 19 
92 100 
45 82 
79 96 
42 64 
27 33 
52 55 
49 6 
78 42 
5 44 
24 71 
73 32 
61 91 
10 16 
23 93 
7 83 
60 64 
66 8 
93 62 
59 71 
78 53 
49 72 
32 96 
24 55 
83 26 
78 42 
13 63 
80 75 
49 66 
72 20 
64 94 
20 51 
6 13 
100 24 
78 41 
59 97 
45 30 
28 78 
71 38 
60 15 
84 20 
70 28 
0 0 
26 96 
10 94 
6 47 
89 86 
64 4 
76 99 
76 77 
9 43 
2 97 
28 58 
35 9 
20 70 
81 15 
78 52 
81 70 
38 45 
71 35 
98 67 
86 27 
63 40 
49 11 
29 75 
18 12 
87 92 
73 20 
23 89 
21 25 
58 33 
7 7 
61 71 
12 22 
16 83 
78 5 
6 57 
83 92 
99 72 
12 52 
57 0 
42 65 
90 67 
69 52 
64 69 
74 88 
77 43 
55 69 
0 32 
23 72 
72 59 
24 99 
40 26 
44 34 
57 94 
69 57 
58 59 
84 31 
55 34 
46 3 
30 79 
1 5 
4 70 
19 58 
45 60 
32 65 
44 89 
31 89 
35 18 
12 35 
34 4 
72 69 
16 36 
64 51 
26 1 
51 99 
94 93 
54 34 
59 12 
43 14 
56 34 
26 38 
67 43 
51 72 
19 36 
40 82 
70 19 
8 56 
85 100 
95 27 
68 5 
11 96 
41 62 
27 45 
64 13 
72 90 
64 20 
73 44 
48 9 
23 73 
49 94 
45 73 
70 91 
94 65 
71 51 
9 49 
61 96 
4 38 
72 45 
73 56 
91 54 
64 74 
25 71 
77 82 
28 43 
0 37 
22 24 
80 89 
14 4 
76 26 
68 53 
26 69 
20 21 
7 34 
9 22 
49 31 
86 5 
95 35 
8 19 
34 41 
56 2 
98 39 
35 81 
94 34 
88 28 
86 83 
34 23 
54 83 
10 17 
10 77 
6 78 
80 39 
14 64 
25 0 
66 5 
54 82 
97 85 
86 31 
36 9 
57 96 
67 90 
0 24 
0 96 
36 90 
29 61 
22 81 
68 20 
84 4 
79 98 
5 47 
49 47 
48 100 
62 16 
36 47 
59 94 
22 72 
32 82 
57 44 
66 41 
31 51 
48 14 
38 30 
40 62 
0 89 
11 30 
59 62 
61 97 
56 50 
45 25 
96 92 
93 64 
77 66 
42 16 
92 25 
99 53 
44 15 
47 83 
83 59 
25 96 
23 82 
21 89 
35 13 
91 13 
39 89 
52 66 
97 92 
52 73 
45 71 
15 4 
13 36 
92 72 
18 48 
36 56 
68 46 
51 48 
54 92 
38 38 
2 54 
69 21 
50 78 
13 92 
1 56 
34 35 
33 83 
61 83 
34 98 
54 88 
63 92 
90 23 
34 75 
57 97 
86 59 
39 88 
59 45 
92 7 
25 22 
76 86 
60 31 
35 34 
68 70 
37 3 
9 69 
16 71 
81 17 
57 46 
11 41 
68 9 
52 10 
5 18 
89 99 
71 80 
80 78 
63 29 
94 63 
35 9 
29 21 
36 32 
23 46 
25 70 
55 31 
65 42 
1 67 
17 20 
65 67 
8 23 
6 28 
100 97 
19 11 
61 46 
70 3 
83 29 
63 100 
10 34 
62 97 
51 94 
63 96 
31 99 
50 52 
11 38 
14 18 
69 67 
12 96 
27 51 
21 28 
34 32 
85 62 
96 93 
63 67 
47 59 
58 97 
49 76 
91 22 
78 18 
76 37 
36 27 
31 90 
55 73 
97 75 
41 14 
9 59 
61 84 
65 25 
61 5 
35 66 
80 58 
13 74 
71 97 
75 82 
29 60 
97 61 
81 65 
23 77 
9 18 
61 65 
74 77 
20 100 
100 35 
66 21 
34 10 
35 24 
48 96 
34 68 
97 17 
90 92 
91 10 
93 13 
69 0 
24 56 
54 9 
14 60 
52 84 
95 88 
58 67 
46 33 
56 28 
43 0 
25 62 
39 44 
31 47 
18 13 
70 12 
44 6 
85 84 
72 16 
72 10 
31 63 
15 37 
98 25 
89 30 
64 92 
63 71 
87 47 
76 6 
37 59 
5 73 
95 28 
66 11 
88 11 
47 45 
15 7 
19 99 
23 4 
60 81 
18 100 
48 90 
38 87 
77 44 
49 41 
24 78 
21 84 
50 89 
90 91 
82 92 
92 2 
20 65 
98 57 
33 20 
40 96 
33 89 
97 18 
29 66 
56 99 
88 44 
77 98 
30 9 
75 58 
33 53 
53 44 
54 24 
99 13 
22 58 
42 18 
97 38 
65 86 
12 29 
37 62 
15 8 
54 80 
10 61 
25 75 
56 92 
94 69 
96 87 
46 50 
83 65 
77 99 
55 17 
7 25 
40 57 
97 77 
85 7 
97 58 
49 67 
68 4 
18 49 
0 3 
0 71 
77 62 
30 92 
50 87 
86 84 
0 67 
72 86 
78 26 
98 23 
47 69 
23 63 
83 34 
67 16 
63 72 
67 83 
19 7 
66 22 
96 20 
15 1 
42 92 
44 95 
12 67 
85 100 
27 74 
27 83 
31 70 
53 39 
26 11 
80 34 
92 65 
78 58 
62 98 
89 20 
52 6 
53 44 
19 79 
41 50 
90 55 
61 26 
14 64 
0 53 
10 86 
41 4 
67 83 
18 82 
22 1 
88 5 
61 1 
8 67 
90 38 
48 84 
77 94 
85 93 
79 100 
62 75 
19 43 
83 8 
85 75 
53 61 
79 15 
47 7 
39 100 
61 19 
0 6 
72 10 
86 30 
40 89 
60 57 
52 3 
99 94 
65 85 
13 13 
73 93 
75 46 
37 74 
20 53 
34 42 
69 27 
27 1 
87 77 
100 35 
30 76 
85 93 
5 60 
89 7 
45 11 
100 2 
8 84 
86 51 
86 10 
53 29 
85 83 
26 76 
0 21 
90 17 
76 93 
63 28 
29 81 
5 35 
6 87 
12 57 
52 8 
81 99 
81 63 
4 14 
69 83 
59 51 
100 82 
86 10 
49 43 
73 9 
35 95 
36 79 
34 32 
8 94 
15 80 
19 7 
90 52 
48 91 
1 94 
38 66 
33 34 
83 67 
20 90 
55 20 
4 36 
74 58 
26 10 
41 71 
69 98 
99 20 
57 72 
97 93 
54 3 
98 31 
20 37 
7 96 
57 61 
20 26 
93 2 
80 36 
86 66 
44 46 
45 17 
77 19 
0 73 
66 31 
87 100 
47 96 
29 94 
7 10 
81 68 
62 72 
11 53 
52 72 
31 64 
53 1 
26 69 
20 25 
69 8 
61 23 
57 73 
66 53 
45 12 
54 24 
72 18 
11 8 
38 25 
72 66 
36 12 
70 53 
55 51 
46 75 
50 19 
61 51 
100 64 
89 85 
35 85 
39 72 
50 54 
47 88 
40 15 
40 56 
52 91 
58 20 
17 79 
35 24 
95 26 
2 86 
94 70 
40 13 
30 84 
2 40 
35 45 
12 55 
57 67 
3 77 
52 100 
67 5 
94 66 
54 34 
57 4 
79 20 
74 73 
33 77 
53 32 
44 40 
92 98 
5 64 
46 90 
19 17 
15 0 
92 85 
38 1 
47 0 
40 25 
5 32 
70 20 
57 81 
98 46 
22 91 
40 8 
54 5 
83 99 
78 52 
99 49 
97 96 
39 47 
39 19 
76 86 
5 91 
81 33 
43 99 
75 54 
38 96 
5 92 
72 42 
10 29 
37 65 
94 36 
6 29 
98 76 
2 33 
84 62 
99 1 
58 45 
35 49 
8 1 
6 16 
33 89 
75 4 
63 14 
6 28 
35 47 
2 7 
52 94 
66 22 
33 95 
55 51 
35 44 
35 78 
33 82 
58 40 
72 11 
52 10 
82 86 
75 25 
82 54 
69 33 
45 83 
37 29 
67 29 
37 71 
86 7 
22 64 
8 53 
96 98 
57 4 
4 19 
83 81 
26 48 
70 48 
28 10 
89 32 
18 12 
27 54 
18 48 
12 89 
22 27 
4 1 
60 34 
65 82 
85 66 
50 24 
34 80 
62 87 
69 12 
34 88 
37 6 
14 39 
95 93 
15 31 
30 86 
70 65 
52 16 
29 28 
61 90 
92 39 
1 29 
27 87 
17 62 
68 50 
22 11 
87 98 
19 63 
99 90 
97 13 
71 80 
100 32 
88 67 
82 18 
85 24 
91 64 
98 94 
19 20 
72 63 
9 28 
9 42 
7 70 
38 55 
84 98 
34 93 
58 71 
1 77 
38 94 
65 37 
10 86 
25 4 
23 40 
42 91 
88 0 
71 49 
18 47 
4 2 
18 52 
16 59 
86 18 
93 100 
59 90 
72 50 
23 88 
53 91 
44 83 
82 97 
62 67 
52 4 
33 44 
24 79 
94 10 
65 8 
57 10 
36 34 
18 40 
10 82 
87 37 
50 70 
92 48 
68 77 
22 77 
37 22 
33 40 
92 30 
30 82 
79 99 
27 71 
84 37 
57 53 
98 30 
31 56 
78 54 
2 66 
29 13 
74 77 
33 58 
44 17 
82 72 
23 63 
73 49 
44 73 
52 33 
63 46 
89 26 
29 1 
33 78 
55 94 
62 22 
31 28 
96 14 
0 67 
26 33 
90 10 
17 3 
40 46 
19 16 
43 19 
8 92 
88 61 
45 60 
76 46 
61 32 
92 74 
12 52 
31 46 
48 98 
84 15 
2 74 
39 65 
94 70 
77 7 
49 6 
45 65 
25 7 
70 17 
87 68 
59 83 
73 74 
99 11 
57 68 
20 12 
43 2 
6 43 
26 38 
23 71 
28 92 
25 12 
14 27 
59 39 
96 36 
5 68 
37 42 
18 86 
3 64 
15 52 
61 41 
98 10 
40 6 
7 64 
85 35 
6 78 
90 58 
16 48 
80 56 
24 57 
2 4 
2 86 
17 76 
57 19 
75 32 
7 83 
71 33 
62 71 
70 52 
7 39 
61 86 
13 91 
68 96 
37 39 
29 20 
91 33 
99 90 
82 7 
0 6 
8 33 
11 47 
53 34 
23 21 
6 62 
53 10 
9 52 
42 4 
59 30 
91 0 
56 26 
43 79 
6 8 
96 66 
59 92 
21 78 
13 86 
66 42 
42 18 
70 86 
27 73 
22 44 
60 49 
100 6 
96 100 
54 60 
57 4 
8 18 
15 25 
8 1 
36 88 
83 79 
1 99 
81 35 
49 53 
66 40 
55 69 
87 14 
87 86 
25 66 
19 89 
70 64 
90 32 
94 63 
35 99 
8 36 
69 83 
24 14 
97 58 
11 56 
60 21 
90 72 
23 68 
95 36 
1 91 
50 50 
46 72 
40 49 
32 43 
76 36 
3 8 
83 88 
55 67 
23 24 
66 57 
86 39 
87 54 
44 55 
60 47 
1 90 
72 47 
83 39 
56 25 
36 68 
74 21 
96 22 
92 42 
64 100 
88 55 
22 4 
85 10 
8 18 
9 88 
82 70 
80 11 
31 81 
34 0 
83 4 
45 51 
32 7 
89 75 
61 96 
74 8 
0 97 
60 8 
14 14 
59 49 
23 11 
81 71 
23 100 
4 66 
55 40 
7 31 
65 20 
91 51 
18 23 
3 28 
17 46 
4 76 
54 72 
47 70 
17 100 
0 18 
64 27 
18 66 
81 85 
45 41 
57 80 
66 54 
91 7 
26 100 
84 99 
30 59 
89 10 
55 71 
33 100 
93 29 
97 12 
1 64 
79 30 
12 3 
47 43 
63 27 
37 93 
68 78 
62 59 
80 97 
81 51 
93 6 
81 15 
72 46 
60 22 
99 11 
73 18 
67 57 
63 69 
21 64 
96 24 
6 83 
85 27 
84 89 
59 2 
69 73 
14 11 
84 48 
91 4 
7 67 
59 33 
61 22 
17 60 
40 41 
94 83 
86 18 
94 65 
19 69 
17 39 
53 80 
85 9 
58 12 
97 4 
21 92 
40 65 
64 0 
70 68 
32 84 
93 55 
65 46 
26 11 
45 29 
18 48 
58 73 
40 84 
41 22 
80 70 
62 32 
64 67 
96 43 
31 33 
74 87 
35 70 
20 72 
16 52 
9 100 
99 45 
80 83 
51 76 
46 82 
88 64 
38 79 
78 77 
83 31 
31 73 
18 39 
16 5 
21 87 
67 35 
88 26 
69 29 
13 73 
95 87 
82 14 
44 81 
26 23 
81 85 
37 48 
81 54 
73 21 
51 8 
4 67 
57 78 
3 12 
54 57 
36 18 
42 86 
98 6 
44 74 
69 7 
97 12 
28 2 
15 58 
66 23 
38 1 
31 17 
69 98 
6 37 
65 97 
28 98 
84 84 
53 0 
76 36 
39 100 
18 2 
59 68 
20 67 
77 72 
31 48 
68 28 
11 5 
4 59 
30 46 
1 65 
77 95 
79 92 
74 55 
94 31 
35 55 
40 22 
63 75 
65 5 
74 44 
84 34 
37 61 
10 41 
69 2 
16 45 
7 69 
13 87 
64 37 
26 90 
58 39 
82 47 
64 6 
75 58 
96 49 
11 54 
43 88 
24 45 
92 11 
77 57 
44 42 
10 88 
63 65 
13 2 
35 20 
77 82 
29 70 
13 19 
87 2 
83 2 
94 62 
95 97 
5 47 
6 45 
21 8 
72 38 
65 64 
61 68 
30 27 
76 77 
23 88 
86 45 
37 18 
6 70 
34 24 
32 11 
34 79 
22 51 
4 30 
32 77 
0 32 
29 8 
26 70 
49 83 
46 45 
100 24 
42 41 
11 42 
34 71 
38 98 
93 90 
3 66 
67 42 
28 83 
34 36 
3 95 
16 85 
82 42 
30 5 
76 72 
47 62 
53 7 
54 1 
3 78 
32 92 
80 8 
39 19 
46 3 
31 80 
71 81 
12 77 
73 26 
59 6 
0 64 
88 20 
75 72 
99 74 
29 10 
43 7 
1 42 
11 40 
90 73 
45 91 
47 20 
36 72 
81 41 
38 1 
70 8 
78 94 
26 60 
61 10 
98 9 
42 71 
37 67 
78 27 
52 69 
2 75 
77 68 
50 31 
84 40 
94 5 
41 35 
45 28 
98 97 
91 36 
11 39 
78 88 
47 91 
61 14 
7 91 
3 63 
32 74 
32 4 
53 5 
28 11 
93 43 
75 26 
77 72 
4 56 
81 45 
9 49 
36 75 
60 54 
70 68 
26 88 
87 56 
3 33 
26 75 
60 94 
8 89 
48 78 
35 66 
7 1 
24 66 
68 97 
91 92 
55 72 
49 89 
66 59 
76 21 
9 56 
58 2 
55 44 
64 61 
31 57 
49 0 
2 51 
86 17 
79 94 
90 53 
11 21 
61 73 
11 12 
11 37 
22 65 
38 44 
70 9 
51 64 
44 7 
56 78 
64 9 
48 30 
18 12 
56 31 
91 77 
91 20 
60 95 
2 57 
75 17 
10 70 
47 27 
50 42 
40 63 
87 77 
65 51 
27 97 
66 70 
64 89 
95 2 
4 88 
35 6 
29 86 
3 81 
87 8 
88 55 
15 73 
52 61 
48 23 
83 69 
89 46 
32 77 
81 48 
27 2 
64 79 
87 8 
37 80 
30 6 
33 64 
29 92 
19 8 
65 65 
51 23 
61 24 
50 81 
15 35 
18 37 
32 62 
82 62 
29 79 
76 50 
66 7 
6 39 
41 51 
26 47 
1 55 
97 63 
8 24 
57 90 
89 39 
33 60 
5 21 
37 37 
55 74 
73 53 
52 79 
18 93 
81 49 
45 30 
89 14 
77 32 
67 32 
77 36 
93 76 
67 21 
44 57 
66 26 
33 83 
1 26 
12 37 
12 49 
64 11 
69 27 
88 73 
2 1 
70 5 
5 37 
49 57 
52 52 
51 47 
58 14 
48 49 
6 41 
93 85 
67 92 
0 23 
84 21 
63 19 
32 12 
95 65 
59 58 
8 17 
59 90 
26 98 
18 57 
17 88 
45 2 
25 87 
63 7 
68 4 
17 25 
49 9 
83 26 
20 61 
67 57 
19 27 
4 74 
17 68 
68 35 
25 79 
50 0 
41 28 
14 9 
12 44 
91 17 
71 28 
59 87 
70 16 
87 19 
7 86 
70 44 
45 53 
3 83 
52 97 
62 71 
84 31 
38 3 
75 14 
8 84 
53 32 
90 45 
3 53 
70 66 
9 25 
19 41 
55 100 
9 11 
91 35 
81 31 
71 59 
53 84 
16 76 
51 56 
71 39 
49 91 
100 31 
97 65 
50 71 
83 91 
96 20 
65 18 
9 46 
53 26 
69 73 
98 92 
48 71 
22 98 
63 2 
19 48 
54 52 
29 61 
99 12 
54 36 
72 28 
28 25 
81 76 
41 19 
4 62 
6 98 
16 24 
31 25 
70 78 
19 17 
0 96 
51 98 
51 84 
13 75 
33 50 
4 4 
58 24 
33 82 
64 25 
60 99 
59 73 
44 65 
95 79 
24 91 
73 48 
8 49 
85 25 
14 82 
48 46 
75 50 
68 78 
16 44 
57 96 
97 50 
73 5 
77 52 
24 22 
11 75 
11 58 
36 33 
2 2 
92 36 
65 82 
11 87 
31 32 
29 35 
89 19 
71 98 
62 6 
55 70 
66 100 
54 19 
81 95 
10 54 
3 45 
60 24 
55 31 
27 2 
15 10 
51 62 
47 47 
32 90 
33 59 
86 67 
35 43 
58 5 
87 50 
88 9 
52 71 
34 7 
38 65 
38 95 
7 62 
43 62 
44 38 
29 92 
67 90 
94 34 
47 24 
28 67 
89 74 
10 78 
56 90 
77 60 
79 12 
25 44 
24 66 
16 100 
15 60 
35 80 
88 61 
80 94 
43 14 
65 97 
86 5 
54 25 
46 92 
2 36 
76 11 
58 51 
0 36 
17 54 
35 53 
18 41 
16 46 
40 52 
26 66 
8 13 
6 27 
83 41 
26 39 
79 86 
48 58 
46 74 
99 8 
68 35 
19 10 
0 30 
39 4 
85 2 
95 35 
95 59 
56 100 
86 79 
38 87 
49 67 
11 49 
99 60 
65 28 
69 21 
42 24 
94 33 
50 56 
80 78 
96 63 
77 26 
36 98 
0 27 
32 55 
1 92 
18 49 
95 64 
50 92 
12 63 
11 14 
10 90 
5 1 
56 25 
7 48 
54 62 
32 56 
76 55 
43 54 
4 19 
10 28 
20 8 
56 79 
5 60 
3 40 
53 34 
33 19 
48 94 
38 90 
35 61 
69 57 
66 39 
57 1 
94 13 
30 38 
5 44 
6 62 
13 72 
94 82 
50 29 
37 44 
73 73 
1 17 
18 26 
55 38 
36 46 
11 51 
53 90 
28 7 
80 86 
59 62 
28 82 
4 14 
55 53 
100 28 
65 27 
88 53 
99 47 
25 64 
23 75 
65 43 
33 1 
82 20 
96 87 
26 42 
56 68 
6 8 
12 69 
25 35 
98 79 
45 17 
2 43 
82 51 
51 82 
35 23 
50 16 
45 6 
82 19 
76 80 
15 7 
57 87 
8 59 
6 11 
79 81 
27 17 
97 4 
3 39 
94 29 
15 37 
67 16 
25 14 
98 66 
76 87 
84 4 
58 72 
56 51 
29 2 
42 96 
39 45 
4 70 
34 73 
57 73 
64 97 
72 91 
89 16 
4 62 
31 7 
78 28 
9 77 
89 18 
84 17 
7 67 
10 23 
97 17 
13 91 
5 82 
77 3 
75 21 
16 17 
21 5 
57 81 
83 86 
8 71 
40 90 
73 99 
93 38 
78 6 
9 83 
72 13 
12 64 
82 31 
40 56 
54 68 
91 77 
20 54 
12 20 
38 83 
10 68 
65 82 
94 84 
91 95 
29 67 
68 67 
4 16 
50 13 
10 13 
56 54 
20 20 
100 75 
95 51 
28 9 
57 85 
62 21 
90 17 
72 100 
12 79 
65 80 
89 7 
53 95 
57 39 
35 38 
30 34 
64 1 
0 40 
28 33 
13 96 
4 29 
89 16 
5 12 
69 43 
100 7 
100 94 
23 72 
99 78 
66 67 
60 97 
83 18 
87 89 
20 44 
74 17 
49 55 
30 51 
73 9 
44 93 
59 46 
57 67 
35 86 
82 11 
40 22 
33 24 
65 29 
18 86 
26 47 
55 16 
25 43 
46 44 
80 1 
66 10 
29 58 
54 28 
16 44 
28 82 
66 10 
45 35 
61 56 
70 90 
69 22 
6 24 
9 48 
91 51 
11 16 
92 51 
1 91 
88 70 
0 77 
93 59 
97 4 
73 96 
38 97 
54 89 
66 28 
67 92 
84 83 
24 37 
27 62 
52 29 
97 32 
56 69 
6 31 
10 9 
43 81 
28 85 
42 99 
75 16 
13 53 
89 77 
70 58 
39 3 
44 57 
40 70 
83 19 
0 100 
29 15 
10 43 
81 4 
40 66 
56 6 
88 23 
90 28 
18 91 
56 32 
54 65 
28 19 
39 25 
87 91 
50 88 
44 54 
79 70 
31 69 
92 92 
76 69 
86 89 
57 89 
66 90 
10 59 
56 11 
87 91 
24 97 
18 81 
79 57 
51 33 
5 7 
17 72 
86 30 
23 36 
55 86 
7 99 
50 87 
64 57 
40 45 
0 55 
24 85 
30 100 
87 96 
52 9 
48 26 
33 81 
84 66 
1 43 
58 71 
1 72 
34 12 
88 71 
67 94 
64 8 
88 29 
37 44 
72 41 
80 10 
9 49 
25 80 
84 63 
1 32 
44 21 
64 23 
35 98 
49 69 
19 30 
92 97 
33 90 
37 22 
81 76 
44 28 
16 61 
78 44 
77 5 
69 22 
85 66 
13 46 
1 23 
6 58 
92 28 
62 86 
41 54 
62 15 
92 49 
77 89 
47 53 
61 39 
0 59 
80 56 
95 68 
92 58 
84 47 
99 59 
42 15 
25 84 
5 53 
99 22 
29 81 
79 1 
9 23 
45 6 
29 77 
27 41 
83 41 
98 30 
28 26 
43 13 
4 34 
31 46 
33 75 
98 6 
1 17 
87 43 
96 28 
44 29 
67 59 
98 57 
7 43 
42 61 
56 51 
49 16 
80 8 
50 28 
18 23 
11 50 
55 29 
9 12 
41 83 
85 41 
21 33 
10 80 
38 46 
1 2 
18 41 
64 25 
4 22 
65 1 
67 35 
21 20 
0 13 
32 41 
0 27 
68 16 
89 36 
26 31 
56 57 
55 33 
44 2 
85 17 
24 51 
20 52 
15 13 
19 88 
16 62 
0 36 
60 28 
99 11 
58 24 
31 64 
100 8 
1 22 
20 93 
90 33 
40 5 
31 70 
56 88 
17 75 
12 11 
5 68 
40 79 
12 43 
11 95 
19 35 
1 98 
55 7 
32 58 
57 25 
3 84 
95 53 
29 86 
28 97 
15 3 
55 75 
79 46 
85 48 
62 25 
18 95 
60 65 
15 68 
59 85 
28 100 
26 2 
45 55 
20 10 
57 86 
30 2 
34 2 
29 54 
0 77 
32 63 
9 27 
75 22 
61 18 
1 48 
27 34 
0 34 
66 53 
78 82 
74 26 
99 43 
29 11 
73 30 
98 30 
37 63 
28 11 
38 90 
45 6 
53 91 
61 48 
35 69 
79 81 
35 71 
74 70 
20 42 
24 4 
47 91 
1 84 
15 99 
93 3 
4 58 
21 24 
8 41 
60 92 
30 67 
77 89 
54 20 
13 51 
84 68 
83 71 
47 39 
64 54 
77 36 
57 33 
38 97 
40 15 
8 1 
57 39 
93 73 
94 86 
62 57 
48 23 
38 55 
43 88 
96 66 
61 51 
86 57 
36 46 
37 29 
91 5 
25 39 
64 24 
11 49 
94 49 
53 43 
32 1 
76 79 
49 92 
75 37 
26 81 
29 36 
54 35 
98 25 
24 7 
43 84 
45 96 
64 54 
13 87 
28 81 
24 41 
33 64 
18 94 
24 56 
92 97 
85 3 
24 36 
15 88 
49 25 
20 56 
88 47 
72 75 
1 100 
65 28 
72 67 
15 33 
23 58 
66 32 
68 23 
72 3 
56 84 
49 47 
11 94 
22 66 
64 52 
53 17 
28 52 
79 42 
50 14 
11 61 
7 71 
71 72 
46 36 
3 91 
83 8 
55 58 
13 49 
26 74 
78 65 
4 64 
89 81 
71 37 
20 94 
32 92 
88 87 
65 23 
76 25 
47 4 
83 69 
16 50 
84 1 
32 6 
16 89 
37 61 
60 83 
27 9 
16 20 
12 11 
28 99 
41 91 
35 21 
78 42 
48 29 
36 37 
61 53 
38 50 
4 84 
34 83 
11 15 
81 45 
64 21 
96 10 
52 99 
93 52 
42 85 
0 14 
38 71 
18 16 
